frame,ticks_usec,interval_usec,segment,measured,exclusion,level_id,attempt_id,wave_id,phase,recorded_phase,frame_seq,local_tick,playback_tick,replay,replay_speed,sim_paused,yaw_deg,pitch_deg,view_size,policy,shot_active,shot_cache,shot_reject_geometry,shot_reject_socket,tool_active,tool_reject_geometry,dust_active,dust_reject_geometry,render_setup_ms,collector_usec,presenter_valid,main_auto_process,tree_paused,render_counters_ready,collector_storage_bytes,window_width,window_height,content_scale,max_fps,vsync,TIME_PROCESS,TIME_PHYSICS_PROCESS,RENDER_TOTAL_DRAW_CALLS_IN_FRAME,RENDER_TOTAL_PRIMITIVES_IN_FRAME,RENDER_TOTAL_OBJECTS_IN_FRAME,RENDER_TEXTURE_MEM_USED,RENDER_BUFFER_MEM_USED,RENDER_VIDEO_MEM_USED,MEMORY_STATIC,OBJECT_COUNT,OBJECT_NODE_COUNT,OBJECT_RESOURCE_COUNT,OBJECT_ORPHAN_NODE_COUNT,PIPELINE_COMPILATIONS_CANVAS,PIPELINE_COMPILATIONS_MESH,PIPELINE_COMPILATIONS_SURFACE,PIPELINE_COMPILATIONS_DRAW,PIPELINE_COMPILATIONS_SPECIALIZATION
1.0,23790129.0,-1.0,cold-production-scene,0.0,render_counters_not_ready,yard,2d79ffacf9e3ded1bbbd4b85c1216eda,0.0,0.0,0.0,-1.0,0.0,0.0,0.0,2.0,0.0,35.0,55.0,24.0,standard,0.0,0.0,0.0,0.0,0.0,0.0,0.0,0.0,0.26,263.0,1.0,1.0,0.0,0.0,15466496.0,1280.0,720.0,1.0,0.0,0.0,0.0,0.0,5156.0,134976.0,20609.0,73498834.0,16124856.0,89623690.0,266269419.0,5335.0,1278.0,469.0,0.0,0.0,0.0,0.0,0.0,0.0
2.0,25643011.0,1852882.0,yard-original-load,0.0,render_counters_not_ready,yard,e908860e460af718551b68ee11abf397,0.0,0.0,0.0,-1.0,0.0,0.0,0.0,2.0,0.0,35.0,55.0,24.0,standard,0.0,0.0,0.0,0.0,0.0,0.0,0.0,0.0,0.086,267.0,1.0,0.0,0.0,0.0,15466496.0,1280.0,720.0,1.0,0.0,0.0,9.536007,4.040583,5124.0,133832.0,20534.0,73498834.0,33096324.0,106595158.0,268281219.0,5377.0,1284.0,469.0,0.0,0.0,0.0,0.0,0.0,0.0
3.0,25792359.0,149348.0,yard-original-load,0.0,fixture_or_transition,yard,e908860e460af718551b68ee11abf397,0.0,0.0,0.0,-1.0,0.0,0.0,0.0,2.0,0.0,35.0,55.0,24.0,standard,0.0,0.0,0.0,0.0,0.0,0.0,0.0,0.0,0.024,228.0,1.0,0.0,0.0,1.0,15466496.0,1280.0,720.0,1.0,0.0,0.0,1.849318,0.000387,592.0,89559.0,1413.0,73498834.0,33095644.0,106594478.0,267543807.0,5338.0,1282.0,469.0,0.0,0.0,0.0,0.0,0.0,0.0
4.0,27335646.0,1543287.0,yard-live-SCOUT-command,0.0,first_frame_after_segment_transition,yard,e908860e460af718551b68ee11abf397,0.0,0.0,0.0,-1.0,0.0,8.0,0.0,2.0,0.0,35.0,55.0,24.0,standard,0.0,0.0,0.0,0.0,0.0,0.0,1.0,0.0,0.078,238.0,1.0,1.0,0.0,1.0,15466496.0,1280.0,720.0,1.0,0.0,0.0,0.148577,0.000154,587.0,89653.0,1398.0,73498834.0,33099936.0,106598770.0,267607187.0,5324.0,1293.0,469.0,0.0,0.0,0.0,0.0,0.0,0.0
5.0,28238732.0,903086.0,yard-live-SCOUT-command,1.0,,yard,e908860e460af718551b68ee11abf397,0.0,0.0,0.0,-1.0,0.0,17.0,0.0,2.0,0.0,35.0,55.0,24.0,standard,0.0,0.0,0.0,0.0,0.0,0.0,1.0,0.0,0.099,273.0,1.0,1.0,0.0,1.0,15466496.0,1280.0,720.0,1.0,0.0,0.0,0.148577,0.000154,587.0,89653.0,1398.0,73498834.0,33099936.0,106598770.0,267641343.0,5323.0,1293.0,469.0,0.0,0.0,0.0,0.0,0.0,0.0
6.0,28408923.0,170191.0,yard-live-SCOUT-command,1.0,,yard,e908860e460af718551b68ee11abf397,0.0,0.0,0.0,-1.0,0.0,24.0,0.0,2.0,0.0,35.0,55.0,24.0,standard,0.0,0.0,0.0,0.0,0.0,0.0,1.0,0.0,0.091,298.0,1.0,1.0,0.0,1.0,15466496.0,1280.0,720.0,1.0,0.0,0.0,1.529681,0.003934,587.0,89653.0,1398.0,73498834.0,33099996.0,106598830.0,267682531.0,5329.0,1295.0,469.0,0.0,0.0,0.0,0.0,0.0,0.0
7.0,29276459.0,867536.0,yard-live-SCOUT-command,1.0,,yard,e908860e460af718551b68ee11abf397,0.0,0.0,0.0,-1.0,0.0,32.0,0.0,2.0,0.0,35.0,55.0,24.0,standard,0.0,0.0,0.0,0.0,0.0,0.0,1.0,0.0,0.091,229.0,1.0,1.0,0.0,1.0,15466496.0,1280.0,720.0,1.0,0.0,0.0,0.169294,0.000183,587.0,89653.0,1398.0,73498834.0,33099996.0,106598830.0,267719471.0,5329.0,1295.0,469.0,0.0,0.0,0.0,0.0,0.0,0.0
8.0,29424592.0,148133.0,yard-live-SCOUT-capture,0.0,first_frame_after_segment_transition,yard,e908860e460af718551b68ee11abf397,0.0,0.0,0.0,-1.0,0.0,40.0,0.0,2.0,0.0,35.0,55.0,24.0,standard,0.0,0.0,0.0,0.0,0.0,0.0,1.0,0.0,0.086,227.0,1.0,1.0,0.0,1.0,15466496.0,1280.0,720.0,1.0,0.0,0.0,0.169294,0.000183,587.0,89653.0,1398.0,73498834.0,33107772.0,106606606.0,267763191.0,5329.0,1296.0,469.0,0.0,0.0,0.0,0.0,0.0,0.0
9.0,30298845.0,874253.0,yard-live-SCOUT-capture,0.0,screenshot,yard,e908860e460af718551b68ee11abf397,0.0,0.0,0.0,-1.0,0.0,48.0,0.0,2.0,0.0,35.0,55.0,24.0,standard,0.0,0.0,0.0,0.0,0.0,0.0,1.0,0.0,0.091,229.0,1.0,1.0,0.0,1.0,15466496.0,1280.0,720.0,1.0,0.0,0.0,0.866634,0.000183,587.0,89653.0,1398.0,73498834.0,33107772.0,106606606.0,267801267.0,5330.0,1296.0,469.0,0.0,0.0,0.0,0.0,0.0,0.0
10.0,38043962.0,7745117.0,yard-live-ALERT-entry,0.0,first_frame_after_segment_transition,yard,e908860e460af718551b68ee11abf397,0.0,1.0,1.0,-1.0,8.0,57.0,0.0,2.0,0.0,35.0,55.0,24.0,standard,0.0,0.0,0.0,0.0,0.0,0.0,1.0,0.0,0.049,257.0,1.0,1.0,0.0,1.0,15466496.0,1280.0,720.0,1.0,0.0,0.0,0.866634,0.000183,458.0,88103.0,1105.0,74678480.0,33043410.0,107721890.0,269614757.0,5566.0,1421.0,472.0,0.0,0.0,0.0,0.0,0.0,0.0
11.0,38956080.0,912118.0,yard-live-ALERT-entry,1.0,,yard,e908860e460af718551b68ee11abf397,0.0,1.0,1.0,-1.0,16.0,65.0,0.0,2.0,0.0,35.0,55.0,24.0,standard,0.0,0.0,0.0,0.0,0.0,0.0,1.0,0.0,0.046,256.0,1.0,1.0,0.0,1.0,15466496.0,1280.0,720.0,1.0,0.0,0.0,7.974995,0.110982,458.0,88103.0,1105.0,74678480.0,33040118.0,107718598.0,269587285.0,5535.0,1391.0,472.0,0.0,0.0,0.0,0.0,0.0,0.0
12.0,39215532.0,259452.0,yard-live-ALERT-entry,1.0,,yard,e908860e460af718551b68ee11abf397,0.0,1.0,1.0,-1.0,24.0,73.0,0.0,2.0,0.0,35.0,55.0,24.0,standard,0.0,0.0,0.0,0.0,0.0,0.0,1.0,0.0,0.077,230.0,1.0,1.0,0.0,1.0,15466496.0,1280.0,720.0,1.0,0.0,0.0,0.911403,0.000154,455.0,88077.0,1092.0,74678480.0,33040194.0,107718674.0,269601157.0,5491.0,1391.0,472.0,0.0,0.0,0.0,0.0,0.0,0.0
13.0,40145887.0,930355.0,yard-live-ALERT-entry,1.0,,yard,e908860e460af718551b68ee11abf397,0.0,1.0,1.0,-1.0,32.0,81.0,0.0,2.0,0.0,35.0,55.0,24.0,standard,0.0,0.0,0.0,0.0,0.0,0.0,1.0,0.0,0.078,235.0,1.0,1.0,0.0,1.0,15466496.0,1280.0,720.0,1.0,0.0,0.0,0.911403,0.000154,455.0,88077.0,1092.0,74678480.0,33040662.0,107719142.0,269690202.0,5488.0,1393.0,472.0,0.0,0.0,0.0,0.0,0.0,0.0
14.0,40610765.0,464878.0,yard-paused-ALERT,0.0,first_frame_after_segment_transition,yard,e908860e460af718551b68ee11abf397,0.0,1.0,1.0,-1.0,32.0,81.0,0.0,2.0,1.0,35.0,55.0,24.0,standard,0.0,0.0,0.0,0.0,0.0,0.0,1.0,0.0,0.049,232.0,1.0,1.0,0.0,1.0,15466496.0,1280.0,720.0,1.0,0.0,0.0,0.92956,0.000145,455.0,88077.0,1092.0,74678480.0,33040738.0,107719218.0,269698826.0,5486.0,1393.0,472.0,0.0,0.0,0.0,0.0,0.0,0.0
15.0,41502463.0,891698.0,yard-paused-ALERT,1.0,,yard,e908860e460af718551b68ee11abf397,0.0,1.0,1.0,-1.0,32.0,81.0,0.0,2.0,1.0,35.0,55.0,24.0,standard,0.0,0.0,0.0,0.0,0.0,0.0,1.0,0.0,0.039,225.0,1.0,1.0,0.0,1.0,15466496.0,1280.0,720.0,1.0,0.0,0.0,0.464137,0.000134,457.0,88077.0,1092.0,74678480.0,33040874.0,107719354.0,269702782.0,5490.0,1394.0,472.0,0.0,0.0,0.0,0.0,0.0,0.0
16.0,41729254.0,226791.0,yard-paused-ALERT,1.0,,yard,e908860e460af718551b68ee11abf397,0.0,1.0,1.0,-1.0,32.0,81.0,0.0,2.0,1.0,35.0,55.0,24.0,standard,0.0,0.0,0.0,0.0,0.0,0.0,1.0,0.0,0.067,232.0,1.0,1.0,0.0,1.0,15466496.0,1280.0,720.0,1.0,0.0,0.0,0.464137,0.000134,457.0,88077.0,1092.0,74678480.0,33040950.0,107719430.0,269702806.0,5490.0,1394.0,472.0,0.0,0.0,0.0,0.0,0.0,0.0
17.0,42593182.0,863928.0,yard-paused-ALERT,1.0,,yard,e908860e460af718551b68ee11abf397,0.0,1.0,1.0,-1.0,32.0,81.0,0.0,2.0,1.0,35.0,55.0,24.0,standard,0.0,0.0,0.0,0.0,0.0,0.0,1.0,0.0,0.039,263.0,1.0,1.0,0.0,1.0,15466496.0,1280.0,720.0,1.0,0.0,0.0,0.8909,0.000174,457.0,88077.0,1092.0,74678480.0,33041086.0,107719566.0,269707074.0,5495.0,1395.0,472.0,0.0,0.0,0.0,0.0,0.0,0.0
18.0,42815844.0,222662.0,yard-paused-ALERT-capture,0.0,first_frame_after_segment_transition,yard,e908860e460af718551b68ee11abf397,0.0,1.0,1.0,-1.0,32.0,81.0,0.0,2.0,1.0,35.0,55.0,24.0,standard,0.0,0.0,0.0,0.0,0.0,0.0,1.0,0.0,0.23,227.0,1.0,1.0,0.0,1.0,15466496.0,1280.0,720.0,1.0,0.0,0.0,0.8909,0.000174,457.0,88077.0,1092.0,74678480.0,33041162.0,107719642.0,269707190.0,5493.0,1395.0,472.0,0.0,0.0,0.0,0.0,0.0,0.0
19.0,43649020.0,833176.0,yard-paused-ALERT-capture,0.0,screenshot,yard,e908860e460af718551b68ee11abf397,0.0,1.0,1.0,-1.0,32.0,81.0,0.0,2.0,1.0,35.0,55.0,24.0,standard,0.0,0.0,0.0,0.0,0.0,0.0,1.0,0.0,0.029,259.0,1.0,1.0,0.0,1.0,15466496.0,1280.0,720.0,1.0,0.0,0.0,0.863082,0.00023,457.0,88077.0,1092.0,74678480.0,33041238.0,107719718.0,269710586.0,5498.0,1395.0,472.0,0.0,0.0,0.0,0.0,0.0,0.0
20.0,44467934.0,818914.0,yard-live-ALERT-wave0,0.0,first_frame_after_segment_transition,yard,e908860e460af718551b68ee11abf397,0.0,1.0,1.0,-1.0,40.0,89.0,0.0,2.0,0.0,35.0,55.0,24.0,standard,0.0,0.0,0.0,0.0,0.0,0.0,2.0,0.0,0.125,256.0,1.0,1.0,0.0,1.0,15466496.0,1280.0,720.0,1.0,0.0,0.0,0.863082,0.00023,459.0,91409.0,1064.0,74638886.0,33165208.0,107804094.0,270061478.0,5564.0,1455.0,472.0,0.0,0.0,0.0,0.0,0.0,0.0
21.0,45347473.0,879539.0,yard-live-ALERT-wave0,1.0,,yard,e908860e460af718551b68ee11abf397,0.0,1.0,1.0,-1.0,48.0,97.0,0.0,2.0,0.0,35.0,55.0,24.0,standard,0.0,0.0,0.0,0.0,0.0,0.0,2.0,0.0,0.05,228.0,1.0,1.0,0.0,1.0,15466496.0,1280.0,720.0,1.0,0.0,0.0,1.374815,0.001919,457.0,91409.0,1064.0,74638886.0,33165036.0,107803922.0,270101666.0,5565.0,1452.0,472.0,0.0,0.0,0.0,0.0,0.0,0.0
22.0,45614261.0,266788.0,yard-live-ALERT-wave0,1.0,,yard,e908860e460af718551b68ee11abf397,0.0,1.0,1.0,-1.0,56.0,105.0,0.0,2.0,0.0,35.0,55.0,24.0,standard,0.0,0.0,0.0,0.0,0.0,0.0,2.0,0.0,0.09,234.0,1.0,1.0,0.0,1.0,15466496.0,1280.0,720.0,1.0,0.0,0.0,1.374815,0.001919,457.0,91409.0,1064.0,74638886.0,33165504.0,107804390.0,270196247.0,5564.0,1454.0,472.0,0.0,0.0,0.0,0.0,0.0,0.0
23.0,46497328.0,883067.0,yard-live-ALERT-wave0,1.0,,yard,e908860e460af718551b68ee11abf397,0.0,1.0,1.0,-1.0,64.0,113.0,0.0,2.0,0.0,35.0,55.0,24.0,standard,0.0,0.0,0.0,0.0,0.0,0.0,2.0,0.0,0.053,229.0,1.0,1.0,0.0,1.0,15466496.0,1280.0,720.0,1.0,0.0,0.0,0.878383,0.000193,457.0,91409.0,1064.0,74638886.0,33165580.0,107804466.0,270242319.0,5568.0,1454.0,472.0,0.0,0.0,0.0,0.0,0.0,0.0
24.0,46761262.0,263934.0,yard-live-ALERT-wave0,1.0,,yard,e908860e460af718551b68ee11abf397,0.0,1.0,1.0,-1.0,72.0,121.0,0.0,2.0,0.0,35.0,55.0,24.0,standard,0.0,0.0,0.0,0.0,0.0,0.0,2.0,0.0,0.123,245.0,1.0,1.0,0.0,1.0,15466496.0,1280.0,720.0,1.0,0.0,0.0,0.878383,0.000193,457.0,91409.0,1064.0,74638886.0,33165716.0,107804602.0,270288467.0,5569.0,1455.0,472.0,0.0,0.0,0.0,0.0,0.0,0.0
25.0,47666607.0,905345.0,yard-live-ALERT-wave0,1.0,,yard,e908860e460af718551b68ee11abf397,0.0,1.0,1.0,-1.0,80.0,129.0,0.0,2.0,0.0,35.0,55.0,24.0,standard,0.0,0.0,0.0,0.0,0.0,0.0,2.0,0.0,0.05,235.0,1.0,1.0,0.0,1.0,15466496.0,1280.0,720.0,1.0,0.0,0.0,0.882022,0.000248,457.0,91409.0,1064.0,74638886.0,33165792.0,107804678.0,270378275.0,5573.0,1455.0,472.0,0.0,0.0,0.0,0.0,0.0,0.0
26.0,47907558.0,240951.0,yard-live-ALERT-wave0,1.0,,yard,e908860e460af718551b68ee11abf397,0.0,1.0,1.0,-1.0,88.0,137.0,0.0,2.0,0.0,35.0,55.0,24.0,standard,0.0,0.0,0.0,0.0,0.0,0.0,2.0,0.0,0.115,228.0,1.0,1.0,0.0,1.0,15466496.0,1280.0,720.0,1.0,0.0,0.0,0.882022,0.000248,457.0,91409.0,1064.0,74638886.0,33165868.0,107804754.0,270419651.0,5569.0,1455.0,472.0,0.0,0.0,0.0,0.0,0.0,0.0
27.0,48785982.0,878424.0,yard-live-ALERT-wave0,1.0,,yard,e908860e460af718551b68ee11abf397,0.0,1.0,1.0,-1.0,96.0,145.0,0.0,2.0,0.0,35.0,55.0,24.0,standard,0.0,0.0,0.0,0.0,0.0,0.0,2.0,0.0,0.05,251.0,1.0,1.0,0.0,1.0,15466496.0,1280.0,720.0,1.0,0.0,0.0,0.90397,0.000255,457.0,91409.0,1064.0,74638886.0,33166004.0,107804890.0,270470475.0,5578.0,1456.0,472.0,0.0,0.0,0.0,0.0,0.0,0.0
28.0,49053380.0,267398.0,yard-live-ALERT-wave0,1.0,,yard,e908860e460af718551b68ee11abf397,0.0,1.0,1.0,-1.0,104.0,153.0,0.0,2.0,0.0,35.0,55.0,24.0,standard,0.0,0.0,0.0,0.0,0.0,0.0,2.0,0.0,0.056,296.0,1.0,1.0,0.0,1.0,15466496.0,1280.0,720.0,1.0,0.0,0.0,0.90397,0.000255,457.0,91409.0,1064.0,74638886.0,33166020.0,107804906.0,270553959.0,5573.0,1455.0,472.0,0.0,0.0,0.0,0.0,0.0,0.0
29.0,49955498.0,902118.0,yard-live-ALERT-wave0,1.0,,yard,e908860e460af718551b68ee11abf397,0.0,1.0,1.0,-1.0,112.0,161.0,0.0,2.0,0.0,35.0,55.0,24.0,standard,0.0,0.0,0.0,0.0,0.0,0.0,2.0,0.0,0.051,225.0,1.0,1.0,0.0,1.0,15466496.0,1280.0,720.0,1.0,0.0,0.0,0.860041,0.003971,457.0,91409.0,1064.0,74638886.0,33166156.0,107805042.0,270603151.0,5578.0,1456.0,472.0,0.0,0.0,0.0,0.0,0.0,0.0
30.0,50213931.0,258433.0,yard-live-ALERT-wave0,1.0,,yard,e908860e460af718551b68ee11abf397,0.0,1.0,1.0,-1.0,120.0,169.0,0.0,2.0,0.0,35.0,55.0,24.0,standard,0.0,0.0,0.0,0.0,0.0,0.0,2.0,0.0,0.057,228.0,1.0,1.0,0.0,1.0,15466496.0,1280.0,720.0,1.0,0.0,0.0,0.901236,0.000147,457.0,91409.0,1064.0,74638886.0,33166096.0,107804982.0,270642707.0,5573.0,1455.0,472.0,0.0,0.0,0.0,0.0,0.0,0.0
31.0,51172661.0,958730.0,yard-live-ALERT-wave0,1.0,,yard,e908860e460af718551b68ee11abf397,0.0,1.0,1.0,-1.0,128.0,177.0,0.0,2.0,0.0,35.0,55.0,24.0,standard,0.0,0.0,0.0,0.0,0.0,0.0,2.0,0.0,0.051,266.0,1.0,1.0,0.0,1.0,15466496.0,1280.0,720.0,1.0,0.0,0.0,0.901236,0.000147,457.0,91409.0,1064.0,74638886.0,33166156.0,107805042.0,270734767.0,5578.0,1456.0,472.0,0.0,0.0,0.0,0.0,0.0,0.0
32.0,51435960.0,263299.0,yard-live-ALERT-wave0,1.0,,yard,e908860e460af718551b68ee11abf397,0.0,1.0,1.0,-1.0,136.0,185.0,0.0,2.0,0.0,35.0,55.0,24.0,standard,0.0,0.0,0.0,0.0,0.0,0.0,2.0,0.0,0.053,275.0,1.0,1.0,0.0,1.0,15466496.0,1280.0,720.0,1.0,0.0,0.0,0.935088,0.004187,457.0,91409.0,1064.0,74638886.0,33166096.0,107804982.0,270771327.0,5572.0,1454.0,472.0,0.0,0.0,0.0,0.0,0.0,0.0
33.0,52375999.0,940039.0,yard-live-ALERT-wave0,1.0,,yard,e908860e460af718551b68ee11abf397,0.0,1.0,1.0,-1.0,144.0,193.0,0.0,2.0,0.0,35.0,55.0,24.0,standard,0.0,0.0,0.0,0.0,0.0,0.0,2.0,0.0,0.056,269.0,1.0,1.0,0.0,1.0,15466496.0,1280.0,720.0,1.0,0.0,0.0,0.262321,0.000188,457.0,91409.0,1064.0,74638886.0,33166096.0,107804982.0,270791775.0,5574.0,1454.0,472.0,0.0,0.0,0.0,0.0,0.0,0.0
34.0,52662777.0,286778.0,yard-live-ALERT-wave0,1.0,,yard,e908860e460af718551b68ee11abf397,0.0,1.0,1.0,-1.0,152.0,201.0,0.0,2.0,0.0,35.0,55.0,24.0,standard,0.0,0.0,0.0,0.0,0.0,0.0,2.0,0.0,0.086,232.0,1.0,1.0,0.0,1.0,15466496.0,1280.0,720.0,1.0,0.0,0.0,0.262321,0.000188,457.0,91409.0,1064.0,74638886.0,33166096.0,107804982.0,270899839.0,5566.0,1454.0,472.0,0.0,0.0,0.0,0.0,0.0,0.0
35.0,54198536.0,1535759.0,yard-live-ALERT-wave0,1.0,,yard,e908860e460af718551b68ee11abf397,0.0,1.0,1.0,-1.0,160.0,209.0,0.0,2.0,0.0,35.0,55.0,24.0,standard,0.0,0.0,0.0,0.0,0.0,0.0,2.0,0.0,0.057,226.0,1.0,1.0,0.0,1.0,15466496.0,1280.0,720.0,1.0,0.0,0.0,0.93892,0.000213,448.0,91099.0,1043.0,74638886.0,33180966.0,107819852.0,271527799.0,5588.0,1456.0,475.0,0.0,0.0,0.0,0.0,0.0,0.0
36.0,54438529.0,239993.0,yard-live-ALERT-wave0,1.0,,yard,e908860e460af718551b68ee11abf397,0.0,1.0,1.0,-1.0,168.0,217.0,0.0,2.0,0.0,35.0,55.0,24.0,standard,0.0,0.0,0.0,0.0,0.0,0.0,2.0,0.0,0.047,224.0,1.0,1.0,0.0,1.0,15466496.0,1280.0,720.0,1.0,0.0,0.0,0.93892,0.000213,448.0,91099.0,1043.0,74638886.0,33180786.0,107819672.0,271551923.0,5573.0,1450.0,475.0,0.0,0.0,0.0,0.0,0.0,0.0
37.0,55335912.0,897383.0,yard-live-ALERT-wave0,1.0,,yard,e908860e460af718551b68ee11abf397,0.0,1.0,1.0,-1.0,176.0,225.0,0.0,2.0,0.0,35.0,55.0,24.0,standard,0.0,0.0,0.0,0.0,0.0,0.0,2.0,0.0,0.053,244.0,1.0,1.0,0.0,1.0,15466496.0,1280.0,720.0,1.0,0.0,0.0,1.534929,0.000179,448.0,91099.0,1043.0,74638886.0,33180786.0,107819672.0,271640823.0,5569.0,1450.0,475.0,0.0,0.0,0.0,0.0,0.0,0.0
38.0,55604641.0,268729.0,yard-live-ALERT-wave0,1.0,,yard,e908860e460af718551b68ee11abf397,0.0,1.0,1.0,-1.0,184.0,233.0,0.0,2.0,0.0,35.0,55.0,24.0,standard,0.0,0.0,0.0,0.0,0.0,0.0,2.0,0.0,0.101,234.0,1.0,1.0,0.0,1.0,15466496.0,1280.0,720.0,1.0,0.0,0.0,1.534929,0.000179,450.0,91463.0,1045.0,74638886.0,33180786.0,107819672.0,271699787.0,5570.0,1459.0,475.0,0.0,0.0,0.0,0.0,0.0,0.0
39.0,56554297.0,949656.0,yard-live-ALERT-wave0,1.0,,yard,e908860e460af718551b68ee11abf397,0.0,1.0,1.0,-1.0,192.0,241.0,0.0,2.0,0.0,35.0,55.0,24.0,standard,0.0,0.0,0.0,0.0,0.0,0.0,2.0,0.0,0.053,261.0,1.0,1.0,0.0,1.0,15466496.0,1280.0,720.0,1.0,0.0,0.0,0.896639,0.003755,450.0,91463.0,1045.0,74638886.0,33180786.0,107819672.0,271748387.0,5578.0,1459.0,475.0,0.0,0.0,0.0,0.0,0.0,0.0
40.0,56841527.0,287230.0,yard-live-ALERT-wave0,1.0,,yard,e908860e460af718551b68ee11abf397,0.0,1.0,1.0,-1.0,200.0,249.0,0.0,2.0,0.0,35.0,55.0,24.0,standard,0.0,0.0,0.0,0.0,0.0,0.0,2.0,0.0,0.09,224.0,1.0,1.0,0.0,1.0,15466496.0,1280.0,720.0,1.0,0.0,0.0,0.896639,0.003755,450.0,91463.0,1045.0,74638886.0,33180786.0,107819672.0,271833203.0,5570.0,1459.0,475.0,0.0,0.0,0.0,0.0,0.0,0.0
41.0,57913129.0,1071602.0,yard-live-ALERT-wave0,1.0,,yard,e908860e460af718551b68ee11abf397,0.0,1.0,1.0,-1.0,208.0,257.0,0.0,2.0,0.0,35.0,55.0,24.0,standard,2.0,2.0,0.0,0.0,1.0,0.0,0.0,0.0,0.054,257.0,1.0,1.0,0.0,1.0,15466496.0,1280.0,720.0,1.0,0.0,0.0,0.932306,0.00398,450.0,91517.0,1044.0,75778938.0,33830668.0,109609606.0,276419287.0,5814.0,1483.0,543.0,0.0,0.0,0.0,0.0,0.0,0.0
42.0,58170926.0,257797.0,yard-live-ALERT-wave0,1.0,,yard,e908860e460af718551b68ee11abf397,0.0,1.0,1.0,-1.0,216.0,265.0,0.0,2.0,0.0,35.0,55.0,24.0,standard,0.0,2.0,0.0,0.0,1.0,0.0,0.0,0.0,0.048,233.0,1.0,1.0,0.0,1.0,15466496.0,1280.0,720.0,1.0,0.0,0.0,0.932306,0.00398,448.0,91397.0,1042.0,75778938.0,33828846.0,109607784.0,276425507.0,5779.0,1478.0,543.0,0.0,0.0,0.0,0.0,0.0,0.0
43.0,59212457.0,1041531.0,yard-live-ALERT-wave0,1.0,,yard,e908860e460af718551b68ee11abf397,0.0,1.0,1.0,-1.0,224.0,273.0,0.0,2.0,0.0,35.0,55.0,24.0,standard,2.0,4.0,0.0,0.0,1.0,0.0,0.0,0.0,0.084,232.0,1.0,1.0,0.0,1.0,15466496.0,1280.0,720.0,1.0,0.0,0.0,1.070831,0.000156,449.0,91421.0,1043.0,76303226.0,33835778.0,110139004.0,278255535.0,5839.0,1500.0,543.0,0.0,0.0,0.0,0.0,0.0,0.0
44.0,59566139.0,353682.0,yard-live-ALERT-wave0,1.0,,yard,e908860e460af718551b68ee11abf397,0.0,1.0,1.0,-1.0,232.0,281.0,0.0,2.0,0.0,35.0,55.0,24.0,standard,1.0,5.0,0.0,0.0,1.0,0.0,0.0,0.0,0.053,265.0,1.0,1.0,0.0,1.0,15466496.0,1280.0,720.0,1.0,0.0,0.0,1.030363,0.003954,463.0,91405.0,1072.0,77137440.0,33958338.0,111095778.0,278583660.0,5920.0,1534.0,546.0,0.0,0.0,0.0,0.0,0.0,0.0
45.0,60529656.0,963517.0,yard-live-ALERT-wave0,1.0,,yard,e908860e460af718551b68ee11abf397,0.0,1.0,1.0,-1.0,240.0,289.0,0.0,2.0,0.0,35.0,55.0,24.0,standard,1.0,6.0,0.0,0.0,1.0,0.0,0.0,0.0,0.06,272.0,1.0,1.0,0.0,1.0,15466496.0,1280.0,720.0,1.0,0.0,0.0,0.352972,0.000134,463.0,91405.0,1072.0,77399584.0,33963810.0,111363394.0,279436460.0,5888.0,1530.0,546.0,0.0,0.0,0.0,0.0,0.0,0.0
46.0,60795947.0,266291.0,yard-live-ALERT-wave0,1.0,,yard,e908860e460af718551b68ee11abf397,0.0,1.0,1.0,-1.0,248.0,297.0,0.0,2.0,0.0,35.0,55.0,24.0,standard,0.0,6.0,0.0,0.0,1.0,0.0,0.0,0.0,0.047,237.0,1.0,1.0,0.0,1.0,15466496.0,1280.0,720.0,1.0,0.0,0.0,0.352972,0.000134,461.0,91309.0,1070.0,76875296.0,33959782.0,110835078.0,277840183.0,5830.0,1515.0,546.0,0.0,0.0,0.0,0.0,0.0,0.0
47.0,61717349.0,921402.0,yard-live-ALERT-wave0,1.0,,yard,e908860e460af718551b68ee11abf397,0.0,1.0,1.0,-1.0,256.0,305.0,0.0,2.0,0.0,35.0,55.0,24.0,standard,1.0,7.0,0.0,0.0,1.0,0.0,0.0,0.0,0.053,231.0,1.0,1.0,0.0,1.0,15466496.0,1280.0,720.0,1.0,0.0,0.0,0.962779,0.000141,463.0,91405.0,1072.0,76831606.0,33963118.0,110794724.0,277911027.0,5817.0,1522.0,546.0,0.0,0.0,0.0,0.0,0.0,0.0
48.0,61955688.0,238339.0,yard-live-ALERT-wave0,1.0,,yard,e908860e460af718551b68ee11abf397,0.0,1.0,1.0,-1.0,264.0,313.0,0.0,2.0,0.0,35.0,55.0,24.0,standard,0.0,7.0,0.0,0.0,1.0,0.0,0.0,0.0,0.046,238.0,1.0,1.0,0.0,1.0,15466496.0,1280.0,720.0,1.0,0.0,0.0,0.962779,0.000141,461.0,91309.0,1070.0,76569462.0,33959662.0,110529124.0,277109451.0,5785.0,1511.0,546.0,0.0,0.0,0.0,0.0,0.0,0.0
49.0,62886506.0,930818.0,yard-live-ALERT-wave0,1.0,,yard,e908860e460af718551b68ee11abf397,0.0,1.0,1.0,-1.0,272.0,321.0,0.0,2.0,0.0,35.0,55.0,24.0,standard,1.0,8.0,0.0,0.0,1.0,0.0,0.0,0.0,0.077,234.0,1.0,1.0,0.0,1.0,15466496.0,1280.0,720.0,1.0,0.0,0.0,0.920599,0.000191,463.0,91403.0,1071.0,76831606.0,33960010.0,110791616.0,278054407.0,5799.0,1512.0,546.0,0.0,0.0,0.0,0.0,0.0,0.0
50.0,63142475.0,255969.0,yard-live-ALERT-wave0,1.0,,yard,e908860e460af718551b68ee11abf397,0.0,1.0,1.0,-1.0,280.0,329.0,0.0,2.0,0.0,35.0,55.0,24.0,standard,0.0,8.0,0.0,0.0,1.0,0.0,0.0,0.0,0.052,230.0,1.0,1.0,0.0,1.0,15466496.0,1280.0,720.0,1.0,0.0,0.0,0.920599,0.000191,461.0,91307.0,1069.0,76569462.0,33959602.0,110529064.0,277267575.0,5773.0,1510.0,546.0,0.0,0.0,0.0,0.0,0.0,0.0
51.0,64209188.0,1066713.0,yard-live-ALERT-wave0,1.0,,yard,e908860e460af718551b68ee11abf397,0.0,1.0,1.0,-1.0,288.0,337.0,0.0,2.0,0.0,35.0,55.0,24.0,standard,1.0,9.0,0.0,0.0,1.0,0.0,1.0,0.0,0.04,265.0,1.0,1.0,0.0,1.0,15466496.0,1280.0,720.0,1.0,0.0,0.0,0.929805,0.000201,463.0,91127.0,1075.0,76569462.0,33956142.0,110525604.0,277907759.0,5795.0,1516.0,546.0,0.0,0.0,0.0,0.0,0.0,0.0
52.0,64473387.0,264199.0,yard-live-ALERT-wave0,1.0,,yard,e908860e460af718551b68ee11abf397,0.0,1.0,1.0,-1.0,296.0,345.0,0.0,2.0,0.0,35.0,55.0,24.0,standard,0.0,9.0,0.0,0.0,1.0,0.0,1.0,0.0,0.044,249.0,1.0,1.0,0.0,1.0,15466496.0,1280.0,720.0,1.0,0.0,0.0,1.065972,0.000148,459.0,90865.0,1071.0,76001484.0,33950834.0,109952318.0,276335095.0,5744.0,1509.0,546.0,0.0,0.0,0.0,0.0,0.0,0.0
53.0,65374142.0,900755.0,yard-live-ALERT-wave0,1.0,,yard,e908860e460af718551b68ee11abf397,0.0,1.0,1.0,-1.0,304.0,353.0,0.0,2.0,0.0,35.0,55.0,24.0,standard,0.0,9.0,0.0,0.0,1.0,0.0,1.0,0.0,0.418,262.0,1.0,1.0,0.0,1.0,15466496.0,1280.0,720.0,1.0,0.0,0.0,0.262811,0.000235,459.0,90865.0,1071.0,76001484.0,33950894.0,109952378.0,276361567.0,5722.0,1510.0,546.0,0.0,0.0,0.0,0.0,0.0,0.0
54.0,65593860.0,219718.0,yard-live-ALERT-wave0,1.0,,yard,e908860e460af718551b68ee11abf397,0.0,1.0,1.0,-1.0,312.0,361.0,0.0,2.0,0.0,35.0,55.0,24.0,standard,0.0,9.0,0.0,0.0,1.0,0.0,1.0,0.0,0.043,229.0,1.0,1.0,0.0,1.0,15466496.0,1280.0,720.0,1.0,0.0,0.0,0.262811,0.000235,446.0,90809.0,1043.0,75389816.0,33950834.0,109340650.0,274761195.0,5703.0,1505.0,546.0,0.0,0.0,0.0,0.0,0.0,0.0
55.0,66453273.0,859413.0,yard-live-ALERT-wave0,1.0,,yard,e908860e460af718551b68ee11abf397,0.0,1.0,1.0,-1.0,320.0,369.0,0.0,2.0,0.0,35.0,55.0,24.0,standard,0.0,9.0,0.0,0.0,1.0,0.0,1.0,0.0,0.039,227.0,1.0,1.0,0.0,1.0,15466496.0,1280.0,720.0,1.0,0.0,0.0,0.899434,0.000231,446.0,90809.0,1043.0,75389816.0,33950774.0,109340590.0,274854163.0,5691.0,1504.0,546.0,0.0,0.0,0.0,0.0,0.0,0.0
56.0,66681564.0,228291.0,yard-live-ALERT-wave0,1.0,,yard,e908860e460af718551b68ee11abf397,0.0,1.0,1.0,-1.0,328.0,377.0,0.0,2.0,0.0,35.0,55.0,24.0,standard,0.0,9.0,0.0,0.0,1.0,0.0,1.0,0.0,0.076,222.0,1.0,1.0,0.0,1.0,15466496.0,1280.0,720.0,1.0,0.0,0.0,0.899434,0.000231,446.0,90809.0,1043.0,75389816.0,33950834.0,109340650.0,274907835.0,5692.0,1505.0,546.0,0.0,0.0,0.0,0.0,0.0,0.0
57.0,67509532.0,827968.0,yard-live-ALERT-wave0,1.0,,yard,e908860e460af718551b68ee11abf397,0.0,1.0,1.0,-1.0,336.0,385.0,0.0,2.0,0.0,35.0,55.0,24.0,standard,0.0,9.0,0.0,0.0,1.0,0.0,1.0,0.0,0.04,225.0,1.0,1.0,0.0,1.0,15466496.0,1280.0,720.0,1.0,0.0,0.0,0.858536,0.000178,446.0,90809.0,1043.0,75389816.0,33950774.0,109340590.0,274956487.0,5691.0,1504.0,546.0,0.0,0.0,0.0,0.0,0.0,0.0
58.0,67748374.0,238842.0,yard-live-ALERT-wave0,1.0,,yard,e908860e460af718551b68ee11abf397,0.0,1.0,1.0,-1.0,344.0,393.0,0.0,2.0,0.0,35.0,55.0,24.0,standard,0.0,9.0,0.0,0.0,1.0,0.0,1.0,0.0,0.075,225.0,1.0,1.0,0.0,1.0,15466496.0,1280.0,720.0,1.0,0.0,0.0,0.858536,0.000178,446.0,90809.0,1043.0,75389816.0,33950834.0,109340650.0,275060187.0,5692.0,1505.0,546.0,0.0,0.0,0.0,0.0,0.0,0.0
59.0,68581263.0,832889.0,yard-live-ALERT-wave0,1.0,,yard,e908860e460af718551b68ee11abf397,0.0,1.0,1.0,-1.0,352.0,401.0,0.0,2.0,0.0,35.0,55.0,24.0,standard,0.0,9.0,0.0,0.0,1.0,0.0,1.0,0.0,0.04,231.0,1.0,1.0,0.0,1.0,15466496.0,1280.0,720.0,1.0,0.0,0.0,0.827214,0.000128,446.0,90809.0,1043.0,75389816.0,33950774.0,109340590.0,275108931.0,5691.0,1504.0,546.0,0.0,0.0,0.0,0.0,0.0,0.0
60.0,68796877.0,215614.0,yard-live-ALERT-wave0,1.0,,yard,e908860e460af718551b68ee11abf397,0.0,1.0,1.0,-1.0,360.0,409.0,0.0,2.0,0.0,35.0,55.0,24.0,standard,0.0,9.0,0.0,0.0,1.0,0.0,1.0,0.0,0.105,230.0,1.0,1.0,0.0,1.0,15466496.0,1280.0,720.0,1.0,0.0,0.0,0.827214,0.000128,446.0,90809.0,1043.0,75389816.0,33950834.0,109340650.0,275149339.0,5692.0,1505.0,546.0,0.0,0.0,0.0,0.0,0.0,0.0
61.0,69655408.0,858531.0,yard-live-ALERT-wave0,1.0,,yard,e908860e460af718551b68ee11abf397,0.0,1.0,1.0,-1.0,368.0,417.0,0.0,2.0,0.0,35.0,55.0,24.0,standard,0.0,9.0,0.0,0.0,1.0,0.0,1.0,0.0,0.078,229.0,1.0,1.0,0.0,1.0,15466496.0,1280.0,720.0,1.0,0.0,0.0,0.83236,0.000157,446.0,90809.0,1043.0,75389816.0,33950834.0,109340650.0,275251835.0,5692.0,1505.0,546.0,0.0,0.0,0.0,0.0,0.0,0.0
62.0,69882852.0,227444.0,yard-live-ALERT-wave0,1.0,,yard,e908860e460af718551b68ee11abf397,0.0,1.0,1.0,-1.0,376.0,425.0,0.0,2.0,0.0,35.0,55.0,24.0,standard,0.0,9.0,0.0,0.0,1.0,0.0,1.0,0.0,0.036,226.0,1.0,1.0,0.0,1.0,15466496.0,1280.0,720.0,1.0,0.0,0.0,0.83236,0.000157,446.0,90809.0,1043.0,75389816.0,33950774.0,109340590.0,275299731.0,5691.0,1504.0,546.0,0.0,0.0,0.0,0.0,0.0,0.0
63.0,70722164.0,839312.0,yard-live-ALERT-wave0,1.0,,yard,e908860e460af718551b68ee11abf397,0.0,1.0,1.0,-1.0,384.0,433.0,0.0,2.0,0.0,35.0,55.0,24.0,standard,0.0,9.0,0.0,0.0,0.0,0.0,1.0,0.0,0.099,264.0,1.0,1.0,0.0,1.0,15466496.0,1280.0,720.0,1.0,0.0,0.0,0.8576,0.005079,443.0,90617.0,1040.0,75389816.0,33950834.0,109340650.0,275342019.0,5692.0,1505.0,546.0,0.0,0.0,0.0,0.0,0.0,0.0
64.0,71026964.0,304800.0,yard-live-ALERT-wave0,1.0,,yard,e908860e460af718551b68ee11abf397,0.0,1.0,1.0,-1.0,392.0,441.0,0.0,2.0,0.0,35.0,55.0,24.0,standard,0.0,9.0,0.0,0.0,0.0,0.0,1.0,0.0,0.041,233.0,1.0,1.0,0.0,1.0,15466496.0,1280.0,720.0,1.0,0.0,0.0,0.8576,0.005079,443.0,90617.0,1040.0,75389816.0,33950774.0,109340590.0,275433143.0,5691.0,1504.0,546.0,0.0,0.0,0.0,0.0,0.0,0.0
65.0,71888640.0,861676.0,yard-live-ALERT-wave0,1.0,,yard,e908860e460af718551b68ee11abf397,0.0,1.0,1.0,-1.0,400.0,449.0,0.0,2.0,0.0,35.0,55.0,24.0,standard,0.0,9.0,0.0,0.0,0.0,0.0,1.0,0.0,0.081,233.0,1.0,1.0,0.0,1.0,15466496.0,1280.0,720.0,1.0,0.0,0.0,0.83855,0.003987,443.0,90617.0,1040.0,75389816.0,33950834.0,109340650.0,275481903.0,5692.0,1505.0,546.0,0.0,0.0,0.0,0.0,0.0,0.0
66.0,72118577.0,229937.0,yard-live-ALERT-wave0,1.0,,yard,e908860e460af718551b68ee11abf397,0.0,1.0,1.0,-1.0,408.0,457.0,0.0,2.0,0.0,35.0,55.0,24.0,standard,0.0,9.0,0.0,0.0,0.0,0.0,1.0,0.0,0.04,232.0,1.0,1.0,0.0,1.0,15466496.0,1280.0,720.0,1.0,0.0,0.0,0.860986,0.000143,443.0,90617.0,1040.0,75389816.0,33950774.0,109340590.0,275526491.0,5691.0,1504.0,546.0,0.0,0.0,0.0,0.0,0.0,0.0
67.0,72988870.0,870293.0,yard-live-ALERT-wave0,1.0,,yard,e908860e460af718551b68ee11abf397,0.0,1.0,1.0,-1.0,416.0,465.0,0.0,2.0,0.0,35.0,55.0,24.0,standard,0.0,9.0,0.0,0.0,0.0,0.0,1.0,0.0,0.07,230.0,1.0,1.0,0.0,1.0,15466496.0,1280.0,720.0,1.0,0.0,0.0,0.860986,0.000143,443.0,90617.0,1040.0,75389816.0,33950834.0,109340650.0,275621787.0,5692.0,1505.0,546.0,0.0,0.0,0.0,0.0,0.0,0.0
68.0,73216122.0,227252.0,yard-live-ALERT-wave0,1.0,,yard,e908860e460af718551b68ee11abf397,0.0,1.0,1.0,-1.0,424.0,473.0,0.0,2.0,0.0,35.0,55.0,24.0,standard,0.0,9.0,0.0,0.0,0.0,0.0,1.0,0.0,0.082,270.0,1.0,1.0,0.0,1.0,15466496.0,1280.0,720.0,1.0,0.0,0.0,0.869617,0.00013,443.0,90617.0,1040.0,75389816.0,33950834.0,109340650.0,275668415.0,5692.0,1505.0,546.0,0.0,0.0,0.0,0.0,0.0,0.0
69.0,74054140.0,838018.0,yard-live-ALERT-wave0,1.0,,yard,e908860e460af718551b68ee11abf397,0.0,1.0,1.0,-1.0,432.0,481.0,0.0,2.0,0.0,35.0,55.0,24.0,standard,0.0,9.0,0.0,0.0,0.0,0.0,1.0,0.0,0.041,252.0,1.0,1.0,0.0,1.0,15466496.0,1280.0,720.0,1.0,0.0,0.0,0.869617,0.00013,443.0,90617.0,1040.0,75389816.0,33950834.0,109340650.0,275704875.0,5696.0,1505.0,546.0,0.0,0.0,0.0,0.0,0.0,0.0
70.0,74294168.0,240028.0,yard-live-ALERT-wave0,1.0,,yard,e908860e460af718551b68ee11abf397,0.0,1.0,1.0,-1.0,440.0,489.0,0.0,2.0,0.0,35.0,55.0,24.0,standard,0.0,9.0,0.0,0.0,0.0,0.0,1.0,0.0,0.071,260.0,1.0,1.0,0.0,1.0,15466496.0,1280.0,720.0,1.0,0.0,0.0,0.837319,0.000162,443.0,90617.0,1040.0,75389816.0,33950834.0,109340650.0,275808411.0,5692.0,1505.0,546.0,0.0,0.0,0.0,0.0,0.0,0.0
71.0,75141675.0,847507.0,yard-live-ALERT-wave0,1.0,,yard,e908860e460af718551b68ee11abf397,0.0,1.0,1.0,-1.0,448.0,497.0,0.0,2.0,0.0,35.0,55.0,24.0,standard,0.0,9.0,0.0,0.0,0.0,0.0,1.0,0.0,0.066,269.0,1.0,1.0,0.0,1.0,15466496.0,1280.0,720.0,1.0,0.0,0.0,0.23928,0.000131,443.0,90617.0,1040.0,75389816.0,33950834.0,109340650.0,275857175.0,5696.0,1505.0,546.0,0.0,0.0,0.0,0.0,0.0,0.0
72.0,75361158.0,219483.0,yard-live-ALERT-wave0,1.0,,yard,e908860e460af718551b68ee11abf397,0.0,1.0,1.0,-1.0,456.0,505.0,0.0,2.0,0.0,35.0,55.0,24.0,standard,0.0,9.0,0.0,0.0,0.0,0.0,1.0,0.0,0.252,254.0,1.0,1.0,0.0,1.0,15466496.0,1280.0,720.0,1.0,0.0,0.0,0.23928,0.000131,443.0,90617.0,1040.0,75389816.0,33950834.0,109340650.0,275901667.0,5692.0,1505.0,546.0,0.0,0.0,0.0,0.0,0.0,0.0
73.0,76229531.0,868373.0,yard-live-ALERT-wave0,1.0,,yard,e908860e460af718551b68ee11abf397,0.0,1.0,1.0,-1.0,464.0,513.0,0.0,2.0,0.0,35.0,55.0,24.0,standard,0.0,9.0,0.0,0.0,0.0,0.0,1.0,0.0,0.038,233.0,1.0,1.0,0.0,1.0,15466496.0,1280.0,720.0,1.0,0.0,0.0,0.846891,0.000142,443.0,90617.0,1040.0,75389816.0,33950834.0,109340650.0,275997151.0,5696.0,1505.0,546.0,0.0,0.0,0.0,0.0,0.0,0.0
74.0,76450428.0,220897.0,yard-live-ALERT-wave0,1.0,,yard,e908860e460af718551b68ee11abf397,0.0,1.0,1.0,-1.0,472.0,521.0,0.0,2.0,0.0,35.0,55.0,24.0,standard,0.0,9.0,0.0,0.0,0.0,0.0,1.0,0.0,0.077,234.0,1.0,1.0,0.0,1.0,15466496.0,1280.0,720.0,1.0,0.0,0.0,0.846891,0.000142,443.0,90617.0,1040.0,75389816.0,33950834.0,109340650.0,276041643.0,5692.0,1505.0,546.0,0.0,0.0,0.0,0.0,0.0,0.0
75.0,77353726.0,903298.0,yard-live-ALERT-wave0,1.0,,yard,e908860e460af718551b68ee11abf397,0.0,1.0,1.0,-1.0,480.0,529.0,0.0,2.0,0.0,35.0,55.0,24.0,standard,0.0,9.0,0.0,0.0,0.0,0.0,1.0,0.0,0.041,259.0,1.0,1.0,0.0,1.0,15466496.0,1280.0,720.0,1.0,0.0,0.0,0.855414,0.003977,443.0,90617.0,1040.0,75389816.0,33950834.0,109340650.0,276090387.0,5696.0,1505.0,546.0,0.0,0.0,0.0,0.0,0.0,0.0
76.0,77628784.0,275058.0,yard-live-ALERT-wave0,1.0,,yard,e908860e460af718551b68ee11abf397,0.0,1.0,1.0,-1.0,488.0,537.0,0.0,2.0,0.0,35.0,55.0,24.0,standard,0.0,9.0,0.0,0.0,0.0,0.0,1.0,0.0,0.077,230.0,1.0,1.0,0.0,1.0,15466496.0,1280.0,720.0,1.0,0.0,0.0,0.855414,0.003977,443.0,90617.0,1040.0,75389816.0,33950834.0,109340650.0,276181507.0,5692.0,1505.0,546.0,0.0,0.0,0.0,0.0,0.0,0.0
77.0,78502590.0,873806.0,yard-live-ALERT-wave0,1.0,,yard,e908860e460af718551b68ee11abf397,0.0,1.0,1.0,-1.0,496.0,545.0,0.0,2.0,0.0,35.0,55.0,24.0,standard,0.0,9.0,0.0,0.0,0.0,0.0,1.0,0.0,0.039,231.0,1.0,1.0,0.0,1.0,15466496.0,1280.0,720.0,1.0,0.0,0.0,0.887751,0.003981,443.0,90617.0,1040.0,75389816.0,33950834.0,109340650.0,276230271.0,5696.0,1505.0,546.0,0.0,0.0,0.0,0.0,0.0,0.0
78.0,78725015.0,222425.0,yard-live-ALERT-wave0,1.0,,yard,e908860e460af718551b68ee11abf397,0.0,1.0,1.0,-1.0,504.0,553.0,0.0,2.0,0.0,35.0,55.0,24.0,standard,0.0,9.0,0.0,0.0,0.0,0.0,1.0,0.0,0.074,234.0,1.0,1.0,0.0,1.0,15466496.0,1280.0,720.0,1.0,0.0,0.0,0.887751,0.003981,443.0,90617.0,1040.0,75389816.0,33950834.0,109340650.0,276274763.0,5692.0,1505.0,546.0,0.0,0.0,0.0,0.0,0.0,0.0
79.0,79609388.0,884373.0,yard-live-ALERT-wave0,1.0,,yard,e908860e460af718551b68ee11abf397,0.0,1.0,1.0,-1.0,512.0,561.0,0.0,2.0,0.0,35.0,55.0,24.0,standard,0.0,9.0,0.0,0.0,0.0,0.0,1.0,0.0,0.041,230.0,1.0,1.0,0.0,1.0,15466496.0,1280.0,720.0,1.0,0.0,0.0,0.856458,0.003961,443.0,90617.0,1040.0,75389816.0,33950834.0,109340650.0,276371283.0,5696.0,1505.0,546.0,0.0,0.0,0.0,0.0,0.0,0.0
80.0,79856430.0,247042.0,yard-live-ALERT-wave0,1.0,,yard,e908860e460af718551b68ee11abf397,0.0,1.0,1.0,-1.0,520.0,569.0,0.0,2.0,0.0,35.0,55.0,24.0,standard,0.0,9.0,0.0,0.0,0.0,0.0,1.0,0.0,0.073,237.0,1.0,1.0,0.0,1.0,15466496.0,1280.0,720.0,1.0,0.0,0.0,0.856458,0.003961,443.0,90617.0,1040.0,75389816.0,33950834.0,109340650.0,276415775.0,5692.0,1505.0,546.0,0.0,0.0,0.0,0.0,0.0,0.0
81.0,80745506.0,889076.0,yard-live-ALERT-wave0,1.0,,yard,e908860e460af718551b68ee11abf397,0.0,1.0,1.0,-1.0,528.0,577.0,0.0,2.0,0.0,35.0,55.0,24.0,standard,0.0,9.0,0.0,0.0,0.0,0.0,1.0,0.0,0.04,238.0,1.0,1.0,0.0,1.0,15466496.0,1280.0,720.0,1.0,0.0,0.0,0.883687,0.003998,443.0,90617.0,1040.0,75389816.0,33950834.0,109340650.0,276464631.0,5696.0,1505.0,546.0,0.0,0.0,0.0,0.0,0.0,0.0
82.0,81019918.0,274412.0,yard-live-ALERT-wave0,1.0,,yard,e908860e460af718551b68ee11abf397,0.0,1.0,1.0,-1.0,536.0,585.0,0.0,2.0,0.0,35.0,55.0,24.0,standard,0.0,9.0,0.0,0.0,0.0,0.0,1.0,0.0,0.078,229.0,1.0,1.0,0.0,1.0,15466496.0,1280.0,720.0,1.0,0.0,0.0,0.883687,0.003998,443.0,90617.0,1040.0,75389816.0,33950834.0,109340650.0,276555751.0,5692.0,1505.0,546.0,0.0,0.0,0.0,0.0,0.0,0.0
83.0,81896074.0,876156.0,yard-live-ALERT-wave0,1.0,,yard,e908860e460af718551b68ee11abf397,0.0,1.0,1.0,-1.0,544.0,593.0,0.0,2.0,0.0,35.0,55.0,24.0,standard,0.0,9.0,0.0,0.0,0.0,0.0,1.0,0.0,0.037,252.0,1.0,1.0,0.0,1.0,15466496.0,1280.0,720.0,1.0,0.0,0.0,0.887972,0.000223,443.0,90617.0,1040.0,75389816.0,33950834.0,109340650.0,276604495.0,5696.0,1505.0,546.0,0.0,0.0,0.0,0.0,0.0,0.0
84.0,82131533.0,235459.0,yard-live-ALERT-wave0,1.0,,yard,e908860e460af718551b68ee11abf397,0.0,1.0,1.0,-1.0,552.0,601.0,0.0,2.0,0.0,35.0,55.0,24.0,standard,0.0,9.0,0.0,0.0,0.0,0.0,1.0,0.0,0.09,230.0,1.0,1.0,0.0,1.0,15466496.0,1280.0,720.0,1.0,0.0,0.0,0.874957,0.0002,443.0,90617.0,1040.0,75389816.0,33950834.0,109340650.0,276648987.0,5692.0,1505.0,546.0,0.0,0.0,0.0,0.0,0.0,0.0
85.0,83046909.0,915376.0,yard-live-ALERT-wave0,1.0,,yard,e908860e460af718551b68ee11abf397,0.0,1.0,1.0,-1.0,560.0,609.0,0.0,2.0,0.0,35.0,55.0,24.0,standard,0.0,9.0,0.0,0.0,0.0,0.0,1.0,0.0,0.039,230.0,1.0,1.0,0.0,1.0,15466496.0,1280.0,720.0,1.0,0.0,0.0,0.874957,0.0002,443.0,90617.0,1040.0,75389816.0,33950834.0,109340650.0,276745507.0,5696.0,1505.0,546.0,0.0,0.0,0.0,0.0,0.0,0.0
86.0,83266719.0,219810.0,yard-live-ALERT-wave0,1.0,,yard,e908860e460af718551b68ee11abf397,0.0,1.0,1.0,-1.0,568.0,617.0,0.0,2.0,0.0,35.0,55.0,24.0,standard,0.0,9.0,0.0,0.0,0.0,0.0,1.0,0.0,0.068,226.0,1.0,1.0,0.0,1.0,15466496.0,1280.0,720.0,1.0,0.0,0.0,0.914543,0.000143,443.0,90617.0,1040.0,75389816.0,33950834.0,109340650.0,276789999.0,5692.0,1505.0,546.0,0.0,0.0,0.0,0.0,0.0,0.0
87.0,84088913.0,822194.0,yard-live-ALERT-wave0,1.0,,yard,e908860e460af718551b68ee11abf397,0.0,1.0,1.0,-1.0,576.0,625.0,0.0,2.0,0.0,35.0,55.0,24.0,standard,0.0,9.0,0.0,0.0,0.0,0.0,1.0,0.0,0.04,227.0,1.0,1.0,0.0,1.0,15466496.0,1280.0,720.0,1.0,0.0,0.0,0.219118,0.000157,443.0,90617.0,1040.0,75389816.0,33950834.0,109340650.0,276826347.0,5696.0,1505.0,546.0,0.0,0.0,0.0,0.0,0.0,0.0
88.0,84336520.0,247607.0,yard-live-ALERT-wave0,1.0,,yard,e908860e460af718551b68ee11abf397,0.0,1.0,1.0,-1.0,584.0,633.0,0.0,2.0,0.0,35.0,55.0,24.0,standard,0.0,9.0,0.0,0.0,0.0,0.0,1.0,0.0,0.076,227.0,1.0,1.0,0.0,1.0,15466496.0,1280.0,720.0,1.0,0.0,0.0,0.219118,0.000157,443.0,90617.0,1040.0,75389816.0,33950834.0,109340650.0,276929883.0,5692.0,1505.0,546.0,0.0,0.0,0.0,0.0,0.0,0.0
89.0,85197215.0,860695.0,yard-live-ALERT-wave0,1.0,,yard,e908860e460af718551b68ee11abf397,0.0,1.0,1.0,-1.0,592.0,641.0,0.0,2.0,0.0,35.0,55.0,24.0,standard,0.0,9.0,0.0,0.0,0.0,0.0,1.0,0.0,0.042,255.0,1.0,1.0,0.0,1.0,15466496.0,1280.0,720.0,1.0,0.0,0.0,0.821581,0.000165,443.0,90617.0,1040.0,75389816.0,33950834.0,109340650.0,276978739.0,5696.0,1505.0,546.0,0.0,0.0,0.0,0.0,0.0,0.0
90.0,85426690.0,229475.0,yard-live-ALERT-wave0,1.0,,yard,e908860e460af718551b68ee11abf397,0.0,1.0,1.0,-1.0,600.0,649.0,0.0,2.0,0.0,35.0,55.0,24.0,standard,0.0,9.0,0.0,0.0,0.0,0.0,1.0,0.0,0.1,231.0,1.0,1.0,0.0,1.0,15466496.0,1280.0,720.0,1.0,0.0,0.0,0.821581,0.000165,443.0,90617.0,1040.0,75389816.0,33950834.0,109340650.0,277023379.0,5692.0,1505.0,546.0,0.0,0.0,0.0,0.0,0.0,0.0
91.0,86312721.0,886031.0,yard-live-ALERT-wave0,1.0,,yard,e908860e460af718551b68ee11abf397,0.0,1.0,1.0,-1.0,608.0,657.0,0.0,2.0,0.0,35.0,55.0,24.0,standard,0.0,9.0,0.0,0.0,0.0,0.0,1.0,0.0,0.038,229.0,1.0,1.0,0.0,1.0,15466496.0,1280.0,720.0,1.0,0.0,0.0,0.843235,0.003962,443.0,90621.0,1042.0,75389816.0,33950834.0,109340650.0,277119279.0,5696.0,1505.0,546.0,0.0,0.0,0.0,0.0,0.0,0.0
92.0,86566118.0,253397.0,yard-live-ALERT-wave0,1.0,,yard,e908860e460af718551b68ee11abf397,0.0,1.0,1.0,-1.0,616.0,665.0,0.0,2.0,0.0,35.0,55.0,24.0,standard,0.0,9.0,0.0,0.0,0.0,0.0,1.0,0.0,0.075,270.0,1.0,1.0,0.0,1.0,15466496.0,1280.0,720.0,1.0,0.0,0.0,0.843235,0.003962,443.0,90621.0,1042.0,75389816.0,33950834.0,109340650.0,277163771.0,5692.0,1505.0,546.0,0.0,0.0,0.0,0.0,0.0,0.0
93.0,87456899.0,890781.0,yard-live-ALERT-wave0,1.0,,yard,e908860e460af718551b68ee11abf397,0.0,1.0,1.0,-1.0,624.0,673.0,0.0,2.0,0.0,35.0,55.0,24.0,standard,0.0,9.0,0.0,0.0,0.0,0.0,1.0,0.0,0.038,226.0,1.0,1.0,0.0,1.0,15466496.0,1280.0,720.0,1.0,0.0,0.0,0.862946,0.003991,443.0,90621.0,1042.0,75389816.0,33950834.0,109340650.0,277212535.0,5696.0,1505.0,546.0,0.0,0.0,0.0,0.0,0.0,0.0
94.0,87765651.0,308752.0,yard-live-ALERT-wave0,1.0,,yard,e908860e460af718551b68ee11abf397,0.0,1.0,1.0,-1.0,632.0,681.0,0.0,2.0,0.0,35.0,55.0,24.0,standard,0.0,9.0,0.0,0.0,0.0,0.0,1.0,0.0,0.083,222.0,1.0,1.0,0.0,1.0,15466496.0,1280.0,720.0,1.0,0.0,0.0,0.862946,0.003991,443.0,90621.0,1042.0,75389816.0,33950834.0,109340650.0,277303823.0,5692.0,1505.0,546.0,0.0,0.0,0.0,0.0,0.0,0.0
95.0,88646868.0,881217.0,yard-live-ALERT-wave0,1.0,,yard,e908860e460af718551b68ee11abf397,0.0,1.0,1.0,-1.0,640.0,689.0,0.0,2.0,0.0,35.0,55.0,24.0,standard,0.0,9.0,0.0,0.0,0.0,0.0,1.0,0.0,0.044,233.0,1.0,1.0,0.0,1.0,15466496.0,1280.0,720.0,1.0,0.0,0.0,0.890111,0.000158,443.0,90621.0,1042.0,75389816.0,33950834.0,109340650.0,277352587.0,5696.0,1505.0,546.0,0.0,0.0,0.0,0.0,0.0,0.0
96.0,88897476.0,250608.0,yard-live-ALERT-wave0,1.0,,yard,e908860e460af718551b68ee11abf397,0.0,1.0,1.0,-1.0,648.0,697.0,0.0,2.0,0.0,35.0,55.0,24.0,standard,0.0,9.0,0.0,0.0,0.0,0.0,1.0,0.0,0.078,242.0,1.0,1.0,0.0,1.0,15466496.0,1280.0,720.0,1.0,0.0,0.0,0.890111,0.000158,443.0,90621.0,1042.0,75389816.0,33950834.0,109340650.0,277397079.0,5692.0,1505.0,546.0,0.0,0.0,0.0,0.0,0.0,0.0
97.0,89801012.0,903536.0,yard-live-ALERT-wave0,1.0,,yard,e908860e460af718551b68ee11abf397,0.0,1.0,1.0,-1.0,656.0,705.0,0.0,2.0,0.0,35.0,55.0,24.0,standard,0.0,9.0,0.0,0.0,0.0,0.0,1.0,0.0,0.041,245.0,1.0,1.0,0.0,1.0,15466496.0,1280.0,720.0,1.0,0.0,0.0,0.880495,0.003987,443.0,90621.0,1042.0,75389816.0,33950834.0,109340650.0,277492563.0,5696.0,1505.0,546.0,0.0,0.0,0.0,0.0,0.0,0.0
98.0,90052978.0,251966.0,yard-live-ALERT-wave0,1.0,,yard,e908860e460af718551b68ee11abf397,0.0,1.0,1.0,-1.0,664.0,713.0,0.0,2.0,0.0,35.0,55.0,24.0,standard,0.0,9.0,0.0,0.0,0.0,0.0,1.0,0.0,0.083,245.0,1.0,1.0,0.0,1.0,15466496.0,1280.0,720.0,1.0,0.0,0.0,0.880495,0.003987,443.0,90621.0,1042.0,75389816.0,33950834.0,109340650.0,277537055.0,5692.0,1505.0,546.0,0.0,0.0,0.0,0.0,0.0,0.0
99.0,90976987.0,924009.0,yard-live-ALERT-wave0,1.0,,yard,e908860e460af718551b68ee11abf397,0.0,1.0,1.0,-1.0,672.0,721.0,0.0,2.0,0.0,35.0,55.0,24.0,standard,0.0,9.0,0.0,0.0,0.0,0.0,1.0,0.0,0.043,236.0,1.0,1.0,0.0,1.0,15466496.0,1280.0,720.0,1.0,0.0,0.0,0.902672,0.000197,443.0,90621.0,1042.0,75389816.0,33950834.0,109340650.0,277585799.0,5696.0,1505.0,546.0,0.0,0.0,0.0,0.0,0.0,0.0
100.0,91254050.0,277063.0,yard-live-ALERT-wave0,1.0,,yard,e908860e460af718551b68ee11abf397,0.0,1.0,1.0,-1.0,680.0,729.0,0.0,2.0,0.0,35.0,55.0,24.0,standard,0.0,9.0,0.0,0.0,0.0,0.0,1.0,0.0,0.11,285.0,1.0,1.0,0.0,1.0,15466496.0,1280.0,720.0,1.0,0.0,0.0,0.922723,0.000208,443.0,90621.0,1042.0,75389816.0,33950798.0,109340614.0,277676919.0,5692.0,1505.0,546.0,0.0,0.0,0.0,0.0,0.0,0.0
101.0,92193568.0,939518.0,yard-live-ALERT-wave0,1.0,,yard,e908860e460af718551b68ee11abf397,0.0,1.0,1.0,-1.0,688.0,737.0,0.0,2.0,0.0,35.0,55.0,24.0,standard,0.0,9.0,0.0,0.0,0.0,0.0,1.0,0.0,0.041,237.0,1.0,1.0,0.0,1.0,15466496.0,1280.0,720.0,1.0,0.0,0.0,0.922723,0.000208,443.0,90621.0,1042.0,75389816.0,33950762.0,109340578.0,277725683.0,5696.0,1505.0,546.0,0.0,0.0,0.0,0.0,0.0,0.0
102.0,92430659.0,237091.0,yard-live-ALERT-wave0,1.0,,yard,e908860e460af718551b68ee11abf397,0.0,1.0,1.0,-1.0,696.0,745.0,0.0,2.0,0.0,35.0,55.0,24.0,standard,0.0,9.0,0.0,0.0,0.0,0.0,1.0,0.0,0.335,262.0,1.0,1.0,0.0,1.0,15466496.0,1280.0,720.0,1.0,0.0,0.0,0.938276,0.00037,443.0,90621.0,1042.0,75389816.0,33950762.0,109340578.0,277770175.0,5692.0,1505.0,546.0,0.0,0.0,0.0,0.0,0.0,0.0
103.0,93346495.0,915836.0,yard-live-ALERT-wave0,1.0,,yard,e908860e460af718551b68ee11abf397,0.0,1.0,1.0,-1.0,704.0,753.0,0.0,2.0,0.0,35.0,55.0,24.0,standard,0.0,9.0,0.0,0.0,0.0,0.0,1.0,0.0,0.039,231.0,1.0,1.0,0.0,1.0,15466496.0,1280.0,720.0,1.0,0.0,0.0,0.236066,0.000246,443.0,90621.0,1042.0,75389816.0,33950762.0,109340578.0,277865567.0,5696.0,1505.0,546.0,0.0,0.0,0.0,0.0,0.0,0.0
104.0,93573727.0,227232.0,yard-live-ALERT-wave0,1.0,,yard,e908860e460af718551b68ee11abf397,0.0,1.0,1.0,-1.0,712.0,761.0,0.0,2.0,0.0,35.0,55.0,24.0,standard,0.0,9.0,0.0,0.0,0.0,0.0,1.0,0.0,0.072,266.0,1.0,1.0,0.0,1.0,15466496.0,1280.0,720.0,1.0,0.0,0.0,0.236066,0.000246,443.0,90621.0,1042.0,75389816.0,33950802.0,109340618.0,277910059.0,5692.0,1505.0,546.0,0.0,0.0,0.0,0.0,0.0,0.0
105.0,94416053.0,842326.0,yard-live-ALERT-wave0,1.0,,yard,e908860e460af718551b68ee11abf397,0.0,1.0,1.0,-1.0,720.0,769.0,0.0,2.0,0.0,35.0,55.0,24.0,standard,0.0,9.0,0.0,0.0,0.0,0.0,1.0,0.0,0.038,224.0,1.0,1.0,0.0,1.0,15466496.0,1280.0,720.0,1.0,0.0,0.0,0.914665,0.000202,443.0,90621.0,1042.0,75389816.0,33950762.0,109340578.0,277946499.0,5696.0,1505.0,546.0,0.0,0.0,0.0,0.0,0.0,0.0
106.0,94666633.0,250580.0,yard-live-ALERT-wave0,1.0,,yard,e908860e460af718551b68ee11abf397,0.0,1.0,1.0,-1.0,728.0,777.0,0.0,2.0,0.0,35.0,55.0,24.0,standard,0.0,9.0,0.0,0.0,0.0,0.0,1.0,0.0,0.076,241.0,1.0,1.0,0.0,1.0,15466496.0,1280.0,720.0,1.0,0.0,0.0,0.914665,0.000202,443.0,90621.0,1042.0,75389816.0,33950762.0,109340578.0,278050035.0,5692.0,1505.0,546.0,0.0,0.0,0.0,0.0,0.0,0.0
107.0,95513668.0,847035.0,yard-live-ALERT-wave0,1.0,,yard,e908860e460af718551b68ee11abf397,0.0,1.0,1.0,-1.0,736.0,785.0,0.0,2.0,0.0,35.0,55.0,24.0,standard,0.0,9.0,0.0,0.0,0.0,0.0,1.0,0.0,0.039,231.0,1.0,1.0,0.0,1.0,15466496.0,1280.0,720.0,1.0,0.0,0.0,0.841462,0.000142,443.0,90621.0,1042.0,75389816.0,33950738.0,109340554.0,278093775.0,5691.0,1504.0,546.0,0.0,0.0,0.0,0.0,0.0,0.0
108.0,95744752.0,231084.0,yard-live-ALERT-wave0,1.0,,yard,e908860e460af718551b68ee11abf397,0.0,1.0,1.0,-1.0,744.0,793.0,0.0,2.0,0.0,35.0,55.0,24.0,standard,0.0,9.0,0.0,0.0,0.0,0.0,1.0,0.0,0.27,230.0,1.0,1.0,0.0,1.0,15466496.0,1280.0,720.0,1.0,0.0,0.0,0.841462,0.000142,443.0,90621.0,1042.0,75389816.0,33950834.0,109340650.0,278143199.0,5692.0,1505.0,546.0,0.0,0.0,0.0,0.0,0.0,0.0
109.0,96611804.0,867052.0,yard-live-ALERT-wave0,1.0,,yard,e908860e460af718551b68ee11abf397,0.0,1.0,1.0,-1.0,752.0,801.0,0.0,2.0,0.0,35.0,55.0,24.0,standard,0.0,9.0,0.0,0.0,0.0,0.0,1.0,0.0,0.041,230.0,1.0,1.0,0.0,1.0,15466496.0,1280.0,720.0,1.0,0.0,0.0,0.846152,0.00016,443.0,90621.0,1042.0,75389816.0,33950774.0,109340590.0,278234323.0,5691.0,1504.0,546.0,0.0,0.0,0.0,0.0,0.0,0.0
110.0,96837969.0,226165.0,yard-live-ALERT-wave0,1.0,,yard,e908860e460af718551b68ee11abf397,0.0,1.0,1.0,-1.0,760.0,809.0,0.0,2.0,0.0,35.0,55.0,24.0,standard,0.0,9.0,0.0,0.0,0.0,0.0,1.0,0.0,0.072,229.0,1.0,1.0,0.0,1.0,15466496.0,1280.0,720.0,1.0,0.0,0.0,0.846152,0.00016,443.0,90621.0,1042.0,75389816.0,33950834.0,109340650.0,278283083.0,5692.0,1505.0,546.0,0.0,0.0,0.0,0.0,0.0,0.0
111.0,97671804.0,833835.0,yard-live-ALERT-wave0,1.0,,yard,e908860e460af718551b68ee11abf397,0.0,1.0,1.0,-1.0,768.0,817.0,0.0,2.0,0.0,35.0,55.0,24.0,standard,0.0,9.0,0.0,0.0,0.0,0.0,1.0,0.0,0.042,231.0,1.0,1.0,0.0,1.0,15466496.0,1280.0,720.0,1.0,0.0,0.0,0.86608,0.000186,443.0,90621.0,1042.0,75389816.0,33950774.0,109340590.0,278327579.0,5691.0,1504.0,546.0,0.0,0.0,0.0,0.0,0.0,0.0
112.0,97952331.0,280527.0,yard-live-ALERT-wave0,1.0,,yard,e908860e460af718551b68ee11abf397,0.0,1.0,1.0,-1.0,776.0,825.0,0.0,2.0,0.0,35.0,55.0,24.0,standard,0.0,9.0,0.0,0.0,0.0,0.0,1.0,0.0,0.1,390.0,1.0,1.0,0.0,1.0,15466496.0,1280.0,720.0,1.0,0.0,0.0,0.86608,0.000186,443.0,90621.0,1042.0,75389816.0,33950834.0,109340650.0,278422967.0,5692.0,1505.0,546.0,0.0,0.0,0.0,0.0,0.0,0.0
113.0,98821583.0,869252.0,yard-live-ALERT-wave0,1.0,,yard,e908860e460af718551b68ee11abf397,0.0,1.0,1.0,-1.0,784.0,833.0,0.0,2.0,0.0,35.0,55.0,24.0,standard,0.0,9.0,0.0,0.0,0.0,0.0,1.0,0.0,0.073,230.0,1.0,1.0,0.0,1.0,15466496.0,1280.0,720.0,1.0,0.0,0.0,0.833194,0.003981,443.0,90621.0,1042.0,75389816.0,33950834.0,109340650.0,278469595.0,5692.0,1505.0,546.0,0.0,0.0,0.0,0.0,0.0,0.0
114.0,99055231.0,233648.0,yard-live-ALERT-wave0,1.0,,yard,e908860e460af718551b68ee11abf397,0.0,1.0,1.0,-1.0,792.0,841.0,0.0,2.0,0.0,35.0,55.0,24.0,standard,0.0,9.0,0.0,0.0,0.0,0.0,1.0,0.0,0.037,276.0,1.0,1.0,0.0,1.0,15466496.0,1280.0,720.0,1.0,0.0,0.0,0.833194,0.003981,443.0,90621.0,1042.0,75389816.0,33950774.0,109340590.0,278515107.0,5691.0,1504.0,546.0,0.0,0.0,0.0,0.0,0.0,0.0
115.0,99946510.0,891279.0,yard-live-ALERT-wave0,1.0,,yard,e908860e460af718551b68ee11abf397,0.0,1.0,1.0,-1.0,800.0,849.0,0.0,2.0,0.0,35.0,55.0,24.0,standard,0.0,9.0,0.0,0.0,0.0,0.0,1.0,0.0,0.069,230.0,1.0,1.0,0.0,1.0,15466496.0,1280.0,720.0,1.0,0.0,0.0,0.867469,0.00033,443.0,90621.0,1042.0,75389816.0,33950834.0,109340650.0,278611159.0,5692.0,1505.0,546.0,0.0,0.0,0.0,0.0,0.0,0.0
116.0,100179033.0,232523.0,yard-live-ALERT-wave0,1.0,,yard,e908860e460af718551b68ee11abf397,0.0,1.0,1.0,-1.0,808.0,857.0,0.0,2.0,0.0,35.0,55.0,24.0,standard,0.0,9.0,0.0,0.0,0.0,0.0,1.0,0.0,0.041,230.0,1.0,1.0,0.0,1.0,15466496.0,1280.0,720.0,1.0,0.0,0.0,0.890545,0.000133,443.0,90621.0,1042.0,75389816.0,33950774.0,109340590.0,278655655.0,5691.0,1504.0,546.0,0.0,0.0,0.0,0.0,0.0,0.0
117.0,101063118.0,884085.0,yard-live-ALERT-wave0,1.0,,yard,e908860e460af718551b68ee11abf397,0.0,1.0,1.0,-1.0,816.0,865.0,0.0,2.0,0.0,35.0,55.0,24.0,standard,0.0,9.0,0.0,0.0,0.0,0.0,1.0,0.0,0.079,282.0,1.0,1.0,0.0,1.0,15466496.0,1280.0,720.0,1.0,0.0,0.0,0.890545,0.000133,443.0,90621.0,1042.0,75389816.0,33950854.0,109340670.0,278704415.0,5692.0,1505.0,546.0,0.0,0.0,0.0,0.0,0.0,0.0
118.0,101343132.0,280014.0,yard-live-ALERT-wave0,1.0,,yard,e908860e460af718551b68ee11abf397,0.0,1.0,1.0,-1.0,824.0,873.0,0.0,2.0,0.0,35.0,55.0,24.0,standard,0.0,9.0,0.0,0.0,0.0,0.0,1.0,0.0,0.04,280.0,1.0,1.0,0.0,1.0,15466496.0,1280.0,720.0,1.0,0.0,0.0,0.883354,0.00017,443.0,90621.0,1042.0,75389816.0,33950794.0,109340610.0,278795539.0,5691.0,1504.0,546.0,0.0,0.0,0.0,0.0,0.0,0.0
119.0,102178852.0,835720.0,yard-live-ALERT-wave0,1.0,,yard,e908860e460af718551b68ee11abf397,0.0,1.0,1.0,-1.0,832.0,881.0,0.0,2.0,0.0,35.0,55.0,24.0,standard,0.0,9.0,0.0,0.0,0.0,0.0,1.0,0.0,0.073,240.0,1.0,1.0,0.0,1.0,15466496.0,1280.0,720.0,1.0,0.0,0.0,0.278838,0.000179,443.0,90621.0,1042.0,75389816.0,33950874.0,109340690.0,278844299.0,5692.0,1505.0,546.0,0.0,0.0,0.0,0.0,0.0,0.0
120.0,102401687.0,222835.0,yard-live-ALERT-wave0,1.0,,yard,e908860e460af718551b68ee11abf397,0.0,1.0,1.0,-1.0,840.0,889.0,0.0,2.0,0.0,35.0,55.0,24.0,standard,0.0,9.0,0.0,0.0,0.0,0.0,1.0,0.0,0.083,232.0,1.0,1.0,0.0,1.0,15466496.0,1280.0,720.0,1.0,0.0,0.0,0.278838,0.000179,443.0,90621.0,1042.0,75389816.0,33950834.0,109340650.0,278892607.0,5692.0,1505.0,546.0,0.0,0.0,0.0,0.0,0.0,0.0
121.0,103297811.0,896124.0,yard-live-ALERT-wave0,1.0,,yard,e908860e460af718551b68ee11abf397,0.0,1.0,1.0,-1.0,848.0,897.0,0.0,2.0,0.0,35.0,55.0,24.0,standard,0.0,9.0,0.0,0.0,0.0,0.0,1.0,0.0,0.057,257.0,1.0,1.0,0.0,1.0,15466496.0,1280.0,720.0,1.0,0.0,0.0,0.834329,0.000202,443.0,90621.0,1042.0,75389816.0,33950834.0,109340650.0,278988163.0,5696.0,1505.0,546.0,0.0,0.0,0.0,0.0,0.0,0.0
122.0,103526214.0,228403.0,yard-live-ALERT-wave0,1.0,,yard,e908860e460af718551b68ee11abf397,0.0,1.0,1.0,-1.0,856.0,905.0,0.0,2.0,0.0,35.0,55.0,24.0,standard,0.0,9.0,0.0,0.0,0.0,0.0,1.0,0.0,0.075,256.0,1.0,1.0,0.0,1.0,15466496.0,1280.0,720.0,1.0,0.0,0.0,0.834329,0.000202,443.0,90621.0,1042.0,75389816.0,33950854.0,109340670.0,279032655.0,5692.0,1505.0,546.0,0.0,0.0,0.0,0.0,0.0,0.0
123.0,104431771.0,905557.0,yard-live-ALERT-wave0,1.0,,yard,e908860e460af718551b68ee11abf397,0.0,1.0,1.0,-1.0,864.0,913.0,0.0,2.0,0.0,35.0,55.0,24.0,standard,0.0,9.0,0.0,0.0,0.0,0.0,1.0,0.0,0.044,246.0,1.0,1.0,0.0,1.0,15466496.0,1280.0,720.0,1.0,0.0,0.0,0.89538,0.00018,443.0,90621.0,1042.0,75389816.0,33950874.0,109340690.0,279068911.0,5696.0,1505.0,546.0,0.0,0.0,0.0,0.0,0.0,0.0
124.0,104692509.0,260738.0,yard-live-ALERT-wave0,1.0,,yard,e908860e460af718551b68ee11abf397,0.0,1.0,1.0,-1.0,872.0,921.0,0.0,2.0,0.0,35.0,55.0,24.0,standard,0.0,9.0,0.0,0.0,0.0,0.0,1.0,0.0,0.075,234.0,1.0,1.0,0.0,1.0,15466496.0,1280.0,720.0,1.0,0.0,0.0,0.89538,0.00018,443.0,90621.0,1042.0,75389816.0,33950834.0,109340650.0,279172447.0,5692.0,1505.0,546.0,0.0,0.0,0.0,0.0,0.0,0.0
125.0,105529194.0,836685.0,yard-live-ALERT-wave0,1.0,,yard,e908860e460af718551b68ee11abf397,0.0,1.0,1.0,-1.0,880.0,929.0,0.0,2.0,0.0,35.0,55.0,24.0,standard,0.0,9.0,0.0,0.0,0.0,0.0,1.0,0.0,0.04,265.0,1.0,1.0,0.0,1.0,15466496.0,1280.0,720.0,1.0,0.0,0.0,0.904859,0.000199,443.0,90621.0,1042.0,75389816.0,33950834.0,109340650.0,279221211.0,5696.0,1505.0,546.0,0.0,0.0,0.0,0.0,0.0,0.0
126.0,105762783.0,233589.0,yard-live-ALERT-wave0,1.0,,yard,e908860e460af718551b68ee11abf397,0.0,1.0,1.0,-1.0,888.0,937.0,0.0,2.0,0.0,35.0,55.0,24.0,standard,0.0,9.0,0.0,0.0,0.0,0.0,1.0,0.0,0.075,235.0,1.0,1.0,0.0,1.0,15466496.0,1280.0,720.0,1.0,0.0,0.0,0.904859,0.000199,443.0,90621.0,1042.0,75389816.0,33950834.0,109340650.0,279265703.0,5692.0,1505.0,546.0,0.0,0.0,0.0,0.0,0.0,0.0
127.0,106619796.0,857013.0,yard-live-ALERT-wave0,1.0,,yard,e908860e460af718551b68ee11abf397,0.0,1.0,1.0,-1.0,896.0,945.0,0.0,2.0,0.0,35.0,55.0,24.0,standard,0.0,9.0,0.0,0.0,0.0,0.0,1.0,0.0,0.04,234.0,1.0,1.0,0.0,1.0,15466496.0,1280.0,720.0,1.0,0.0,0.0,0.835987,0.003955,443.0,90621.0,1042.0,75389816.0,33950834.0,109340650.0,279361095.0,5696.0,1505.0,546.0,0.0,0.0,0.0,0.0,0.0,0.0
128.0,106874738.0,254942.0,yard-live-ALERT-wave0,1.0,,yard,e908860e460af718551b68ee11abf397,0.0,1.0,1.0,-1.0,904.0,953.0,0.0,2.0,0.0,35.0,55.0,24.0,standard,0.0,9.0,0.0,0.0,0.0,0.0,1.0,0.0,0.077,232.0,1.0,1.0,0.0,1.0,15466496.0,1280.0,720.0,1.0,0.0,0.0,0.835987,0.003955,443.0,90621.0,1042.0,75389816.0,33950854.0,109340670.0,279405587.0,5692.0,1505.0,546.0,0.0,0.0,0.0,0.0,0.0,0.0
129.0,107769321.0,894583.0,yard-live-ALERT-wave0,1.0,,yard,e908860e460af718551b68ee11abf397,0.0,1.0,1.0,-1.0,912.0,961.0,0.0,2.0,0.0,35.0,55.0,24.0,standard,0.0,9.0,0.0,0.0,0.0,0.0,1.0,0.0,0.056,312.0,1.0,1.0,0.0,1.0,15466496.0,1280.0,720.0,1.0,0.0,0.0,0.856166,0.004007,443.0,90621.0,1042.0,75389816.0,33950834.0,109340650.0,279454515.0,5696.0,1505.0,546.0,0.0,0.0,0.0,0.0,0.0,0.0
130.0,108036395.0,267074.0,yard-live-ALERT-wave0,1.0,,yard,e908860e460af718551b68ee11abf397,0.0,1.0,1.0,-1.0,920.0,969.0,0.0,2.0,0.0,35.0,55.0,24.0,standard,0.0,9.0,0.0,0.0,0.0,0.0,1.0,0.0,0.331,292.0,1.0,1.0,0.0,1.0,15466496.0,1280.0,720.0,1.0,0.0,0.0,0.856166,0.004007,443.0,90621.0,1042.0,75389816.0,33950834.0,109340650.0,279545635.0,5692.0,1505.0,546.0,0.0,0.0,0.0,0.0,0.0,0.0
131.0,108945678.0,909283.0,yard-live-ALERT-wave0,1.0,,yard,e908860e460af718551b68ee11abf397,0.0,1.0,1.0,-1.0,928.0,977.0,0.0,2.0,0.0,35.0,55.0,24.0,standard,0.0,9.0,0.0,0.0,0.0,0.0,1.0,0.0,0.041,203.0,1.0,1.0,0.0,1.0,15466496.0,1280.0,720.0,1.0,0.0,0.0,0.893986,0.000143,443.0,90621.0,1042.0,75389816.0,33950834.0,109340650.0,279594307.0,5696.0,1505.0,546.0,0.0,0.0,0.0,0.0,0.0,0.0
132.0,109187820.0,242142.0,yard-live-ALERT-wave0,1.0,,yard,e908860e460af718551b68ee11abf397,0.0,1.0,1.0,-1.0,936.0,985.0,0.0,2.0,0.0,35.0,55.0,24.0,standard,0.0,9.0,0.0,0.0,0.0,0.0,1.0,0.0,0.076,231.0,1.0,1.0,0.0,1.0,15466496.0,1280.0,720.0,1.0,0.0,0.0,0.908369,0.000189,443.0,90621.0,1042.0,75389816.0,33950834.0,109340650.0,279638799.0,5692.0,1505.0,546.0,0.0,0.0,0.0,0.0,0.0,0.0
133.0,110067334.0,879514.0,yard-live-ALERT-wave0,1.0,,yard,e908860e460af718551b68ee11abf397,0.0,1.0,1.0,-1.0,944.0,993.0,0.0,2.0,0.0,35.0,55.0,24.0,standard,0.0,9.0,0.0,0.0,0.0,0.0,1.0,0.0,0.042,253.0,1.0,1.0,0.0,1.0,15466496.0,1280.0,720.0,1.0,0.0,0.0,0.908369,0.000189,443.0,90621.0,1042.0,75389816.0,33950854.0,109340670.0,279734675.0,5696.0,1505.0,546.0,0.0,0.0,0.0,0.0,0.0,0.0
134.0,110317520.0,250186.0,yard-live-ALERT-wave0,1.0,,yard,e908860e460af718551b68ee11abf397,0.0,1.0,1.0,-1.0,952.0,1001.0,0.0,2.0,0.0,35.0,55.0,24.0,standard,0.0,9.0,0.0,0.0,0.0,0.0,1.0,0.0,0.323,235.0,1.0,1.0,0.0,1.0,15466496.0,1280.0,720.0,1.0,0.0,0.0,0.878805,0.003946,443.0,90621.0,1042.0,75389816.0,33950874.0,109340690.0,279779167.0,5692.0,1505.0,546.0,0.0,0.0,0.0,0.0,0.0,0.0
135.0,111175399.0,857879.0,yard-live-ALERT-wave0,1.0,,yard,e908860e460af718551b68ee11abf397,0.0,1.0,1.0,-1.0,960.0,1009.0,0.0,2.0,0.0,35.0,55.0,24.0,standard,0.0,9.0,0.0,0.0,0.0,0.0,1.0,0.0,0.04,232.0,1.0,1.0,0.0,1.0,15466496.0,1280.0,720.0,1.0,0.0,0.0,0.231313,0.00417,443.0,90621.0,1042.0,75389816.0,33950834.0,109340650.0,279828003.0,5696.0,1505.0,546.0,0.0,0.0,0.0,0.0,0.0,0.0
136.0,111430975.0,255576.0,yard-live-ALERT-wave0,1.0,,yard,e908860e460af718551b68ee11abf397,0.0,1.0,1.0,-1.0,968.0,1017.0,0.0,2.0,0.0,35.0,55.0,24.0,standard,0.0,9.0,0.0,0.0,0.0,0.0,1.0,0.0,0.077,228.0,1.0,1.0,0.0,1.0,15466496.0,1280.0,720.0,1.0,0.0,0.0,0.231313,0.00417,443.0,90621.0,1042.0,75389816.0,33950834.0,109340650.0,279919123.0,5692.0,1505.0,546.0,0.0,0.0,0.0,0.0,0.0,0.0
137.0,112299680.0,868705.0,yard-live-ALERT-wave0,1.0,,yard,e908860e460af718551b68ee11abf397,0.0,1.0,1.0,-1.0,976.0,1025.0,0.0,2.0,0.0,35.0,55.0,24.0,standard,0.0,9.0,0.0,0.0,0.0,0.0,1.0,0.0,0.041,230.0,1.0,1.0,0.0,1.0,15466496.0,1280.0,720.0,1.0,0.0,0.0,0.856557,0.000255,443.0,90621.0,1042.0,75389816.0,33950834.0,109340650.0,279968463.0,5696.0,1505.0,546.0,0.0,0.0,0.0,0.0,0.0,0.0
138.0,112537154.0,237474.0,yard-live-ALERT-wave0,1.0,,yard,e908860e460af718551b68ee11abf397,0.0,1.0,1.0,-1.0,984.0,1033.0,0.0,2.0,0.0,35.0,55.0,24.0,standard,0.0,9.0,0.0,0.0,0.0,0.0,1.0,0.0,0.073,248.0,1.0,1.0,0.0,1.0,15466496.0,1280.0,720.0,1.0,0.0,0.0,0.856557,0.000255,443.0,90621.0,1042.0,75389816.0,33950874.0,109340690.0,280012955.0,5692.0,1505.0,546.0,0.0,0.0,0.0,0.0,0.0,0.0
139.0,113483633.0,946479.0,yard-live-ALERT-wave0,1.0,,yard,e908860e460af718551b68ee11abf397,0.0,1.0,1.0,-1.0,992.0,1041.0,0.0,2.0,0.0,35.0,55.0,24.0,standard,0.0,9.0,0.0,0.0,0.0,0.0,1.0,0.0,0.037,207.0,1.0,1.0,0.0,1.0,15466496.0,1280.0,720.0,1.0,0.0,0.0,0.867959,0.000152,443.0,90621.0,1042.0,75389816.0,33950854.0,109340670.0,280108255.0,5696.0,1505.0,546.0,0.0,0.0,0.0,0.0,0.0,0.0
140.0,113725561.0,241928.0,yard-live-ALERT-wave0,1.0,,yard,e908860e460af718551b68ee11abf397,0.0,1.0,1.0,-1.0,1000.0,1049.0,0.0,2.0,0.0,35.0,55.0,24.0,standard,0.0,9.0,0.0,0.0,0.0,0.0,1.0,0.0,0.084,243.0,1.0,1.0,0.0,1.0,15466496.0,1280.0,720.0,1.0,0.0,0.0,0.867959,0.000152,443.0,90621.0,1042.0,75389816.0,33950834.0,109340650.0,280153231.0,5692.0,1505.0,546.0,0.0,0.0,0.0,0.0,0.0,0.0
141.0,114931933.0,1206372.0,yard-live-ALERT-wave0,1.0,,yard,e908860e460af718551b68ee11abf397,0.0,1.0,1.0,-1.0,1008.0,1057.0,0.0,2.0,0.0,35.0,55.0,24.0,standard,0.0,9.0,0.0,0.0,0.0,0.0,1.0,0.0,0.041,228.0,1.0,1.0,0.0,1.0,15466496.0,1280.0,720.0,1.0,0.0,0.0,0.945401,0.000182,443.0,90621.0,1042.0,75389816.0,33950834.0,109340650.0,280190247.0,5696.0,1505.0,546.0,0.0,0.0,0.0,0.0,0.0,0.0
142.0,115199392.0,267459.0,yard-live-ALERT-wave0,1.0,,yard,e908860e460af718551b68ee11abf397,0.0,1.0,1.0,-1.0,1016.0,1065.0,0.0,2.0,0.0,35.0,55.0,24.0,standard,0.0,9.0,0.0,0.0,0.0,0.0,1.0,0.0,0.076,227.0,1.0,1.0,0.0,1.0,15466496.0,1280.0,720.0,1.0,0.0,0.0,0.945401,0.000182,443.0,90621.0,1042.0,75389816.0,33950834.0,109340650.0,280294267.0,5692.0,1505.0,546.0,0.0,0.0,0.0,0.0,0.0,0.0
143.0,116047778.0,848386.0,yard-live-ALERT-wave0,1.0,,yard,e908860e460af718551b68ee11abf397,0.0,1.0,1.0,-1.0,1024.0,1073.0,0.0,2.0,0.0,35.0,55.0,24.0,standard,0.0,9.0,0.0,0.0,0.0,0.0,1.0,0.0,0.039,238.0,1.0,1.0,0.0,1.0,15466496.0,1280.0,720.0,1.0,0.0,0.0,1.20128,0.005757,443.0,90621.0,1042.0,75389816.0,33950854.0,109340670.0,280343103.0,5696.0,1505.0,546.0,0.0,0.0,0.0,0.0,0.0,0.0
144.0,116294294.0,246516.0,yard-live-ALERT-wave0,1.0,,yard,e908860e460af718551b68ee11abf397,0.0,1.0,1.0,-1.0,1032.0,1081.0,0.0,2.0,0.0,35.0,55.0,24.0,standard,0.0,9.0,0.0,0.0,0.0,0.0,1.0,0.0,0.081,258.0,1.0,1.0,0.0,1.0,15466496.0,1280.0,720.0,1.0,0.0,0.0,0.833545,0.003983,443.0,90621.0,1042.0,75389816.0,33950854.0,109340670.0,280387595.0,5692.0,1505.0,546.0,0.0,0.0,0.0,0.0,0.0,0.0
145.0,117196796.0,902502.0,yard-live-ALERT-wave0,1.0,,yard,e908860e460af718551b68ee11abf397,0.0,1.0,1.0,-1.0,1040.0,1089.0,0.0,2.0,0.0,35.0,55.0,24.0,standard,0.0,9.0,0.0,0.0,0.0,0.0,1.0,0.0,0.04,913.0,1.0,1.0,0.0,1.0,15466496.0,1280.0,720.0,1.0,0.0,0.0,0.232084,0.003966,443.0,90621.0,1042.0,75389816.0,33950834.0,109340650.0,280483327.0,5696.0,1505.0,546.0,0.0,0.0,0.0,0.0,0.0,0.0
146.0,117423065.0,226269.0,yard-live-ALERT-wave0,1.0,,yard,e908860e460af718551b68ee11abf397,0.0,1.0,1.0,-1.0,1048.0,1097.0,0.0,2.0,0.0,35.0,55.0,24.0,standard,0.0,9.0,0.0,0.0,0.0,0.0,1.0,0.0,0.249,295.0,1.0,1.0,0.0,1.0,15466496.0,1280.0,720.0,1.0,0.0,0.0,0.232084,0.003966,443.0,90621.0,1042.0,75389816.0,33950834.0,109340650.0,280527819.0,5692.0,1505.0,546.0,0.0,0.0,0.0,0.0,0.0,0.0
147.0,119210136.0,1787071.0,yard-live-ALERT-wave0,1.0,,yard,e908860e460af718551b68ee11abf397,0.0,5.0,5.0,-1.0,1056.0,1105.0,0.0,2.0,0.0,35.0,55.0,24.0,standard,0.0,0.0,0.0,0.0,0.0,0.0,0.0,0.0,0.067,231.0,1.0,1.0,0.0,1.0,15466496.0,1280.0,720.0,1.0,0.0,0.0,0.891362,0.003987,454.0,91277.0,1128.0,75258746.0,33435350.0,108694096.0,281259992.0,5737.0,1545.0,475.0,0.0,0.0,0.0,0.0,0.0,0.0
148.0,120185333.0,975197.0,yard-live-SWEEP-wave0,0.0,first_frame_after_segment_transition,yard,e908860e460af718551b68ee11abf397,0.0,5.0,5.0,-1.0,1056.0,1114.0,0.0,2.0,0.0,35.0,55.0,24.0,standard,0.0,0.0,0.0,0.0,0.0,0.0,0.0,0.0,0.035,268.0,1.0,1.0,0.0,1.0,15466496.0,1280.0,720.0,1.0,0.0,0.0,0.891362,0.003987,453.0,90775.0,1163.0,75258746.0,33419182.0,108677928.0,281164112.0,5679.0,1502.0,472.0,0.0,0.0,0.0,0.0,0.0,0.0
149.0,121064914.0,879581.0,yard-live-SWEEP-wave0,1.0,,yard,e908860e460af718551b68ee11abf397,0.0,5.0,5.0,-1.0,1056.0,1121.0,0.0,2.0,0.0,35.0,55.0,24.0,standard,0.0,0.0,0.0,0.0,0.0,0.0,0.0,0.0,0.04,231.0,1.0,1.0,0.0,1.0,15466496.0,1280.0,720.0,1.0,0.0,0.0,1.768061,0.003977,453.0,90775.0,1163.0,75258746.0,33418490.0,108677236.0,281185099.0,5654.0,1498.0,472.0,0.0,0.0,0.0,0.0,0.0,0.0
150.0,121241690.0,176776.0,yard-live-SWEEP-wave0,1.0,,yard,e908860e460af718551b68ee11abf397,0.0,5.0,5.0,-1.0,1056.0,1129.0,0.0,2.0,0.0,35.0,55.0,24.0,standard,0.0,0.0,0.0,0.0,0.0,0.0,0.0,0.0,0.035,253.0,1.0,1.0,0.0,1.0,15466496.0,1280.0,720.0,1.0,0.0,0.0,0.878208,0.000236,453.0,90775.0,1163.0,74952912.0,33418490.0,108371402.0,280395515.0,5623.0,1496.0,472.0,0.0,0.0,0.0,0.0,0.0,0.0
151.0,122082590.0,840900.0,yard-live-SWEEP-wave0,1.0,,yard,e908860e460af718551b68ee11abf397,0.0,5.0,5.0,-1.0,1056.0,1137.0,0.0,2.0,0.0,35.0,55.0,24.0,standard,0.0,0.0,0.0,0.0,0.0,0.0,0.0,0.0,0.035,222.0,1.0,1.0,0.0,1.0,15466496.0,1280.0,720.0,1.0,0.0,0.0,0.176033,0.000149,453.0,90775.0,1163.0,74952912.0,33418430.0,108371342.0,280440875.0,5618.0,1495.0,472.0,0.0,0.0,0.0,0.0,0.0,0.0
152.0,123145576.0,1062986.0,yard-live-ALERT-wave1,0.0,first_frame_after_segment_transition,yard,e908860e460af718551b68ee11abf397,1.0,1.0,1.0,-1.0,8.0,1146.0,0.0,2.0,0.0,35.0,55.0,24.0,standard,0.0,0.0,0.0,0.0,0.0,0.0,0.0,0.0,0.075,227.0,1.0,1.0,0.0,1.0,15466496.0,1280.0,720.0,1.0,0.0,0.0,0.176033,0.000149,441.0,89761.0,1116.0,74944720.0,33137838.0,108082558.0,280084177.0,5497.0,1368.0,472.0,0.0,0.0,0.0,0.0,0.0,0.0
153.0,124056054.0,910478.0,yard-live-ALERT-wave1,1.0,,yard,e908860e460af718551b68ee11abf397,1.0,1.0,1.0,-1.0,16.0,1154.0,0.0,2.0,0.0,35.0,55.0,24.0,standard,0.0,0.0,0.0,0.0,0.0,0.0,1.0,0.0,0.087,261.0,1.0,1.0,0.0,1.0,15466496.0,1280.0,720.0,1.0,0.0,0.0,1.062545,0.000127,439.0,92981.0,1088.0,74948816.0,33479774.0,108428590.0,281407457.0,5629.0,1428.0,543.0,0.0,0.0,0.0,0.0,0.0,0.0
154.0,124282626.0,226572.0,yard-live-ALERT-wave1,1.0,,yard,e908860e460af718551b68ee11abf397,1.0,1.0,1.0,-1.0,24.0,1162.0,0.0,2.0,0.0,35.0,55.0,24.0,standard,0.0,0.0,0.0,0.0,0.0,0.0,1.0,0.0,0.038,261.0,1.0,1.0,0.0,1.0,15466496.0,1280.0,720.0,1.0,0.0,0.0,0.909965,0.000175,439.0,92981.0,1088.0,74948816.0,33479654.0,108428470.0,281438661.0,5615.0,1425.0,543.0,0.0,0.0,0.0,0.0,0.0,0.0
155.0,125158239.0,875613.0,yard-live-ALERT-wave1,1.0,,yard,e908860e460af718551b68ee11abf397,1.0,1.0,1.0,-1.0,32.0,1170.0,0.0,2.0,0.0,35.0,55.0,24.0,standard,0.0,0.0,0.0,0.0,0.0,0.0,1.0,0.0,0.043,264.0,1.0,1.0,0.0,1.0,15466496.0,1280.0,720.0,1.0,0.0,0.0,0.226084,0.000114,439.0,92981.0,1088.0,74642982.0,33480010.0,108122992.0,280710762.0,5603.0,1423.0,543.0,0.0,0.0,0.0,0.0,0.0,0.0
156.0,125415193.0,256954.0,yard-live-ALERT-wave1,1.0,,yard,e908860e460af718551b68ee11abf397,1.0,1.0,1.0,-1.0,40.0,1178.0,0.0,2.0,0.0,35.0,55.0,24.0,standard,0.0,0.0,0.0,0.0,0.0,0.0,1.0,0.0,0.076,257.0,1.0,1.0,0.0,1.0,15466496.0,1280.0,720.0,1.0,0.0,0.0,0.226084,0.000114,439.0,92981.0,1088.0,74642982.0,33480106.0,108123088.0,280741702.0,5598.0,1423.0,543.0,0.0,0.0,0.0,0.0,0.0,0.0
157.0,126271690.0,856497.0,yard-live-ALERT-wave1,1.0,,yard,e908860e460af718551b68ee11abf397,1.0,1.0,1.0,-1.0,48.0,1186.0,0.0,2.0,0.0,35.0,55.0,24.0,standard,0.0,0.0,0.0,0.0,0.0,0.0,1.0,0.0,0.074,227.0,1.0,1.0,0.0,1.0,15466496.0,1280.0,720.0,1.0,0.0,0.0,0.875169,0.003982,430.0,92919.0,1057.0,74642982.0,33480242.0,108123224.0,280804558.0,5603.0,1424.0,543.0,0.0,0.0,0.0,0.0,0.0,0.0
158.0,126558100.0,286410.0,yard-live-ALERT-wave1,1.0,,yard,e908860e460af718551b68ee11abf397,1.0,1.0,1.0,-1.0,56.0,1194.0,0.0,2.0,0.0,35.0,55.0,24.0,standard,0.0,0.0,0.0,0.0,0.0,0.0,1.0,0.0,0.09,240.0,1.0,1.0,0.0,1.0,15466496.0,1280.0,720.0,1.0,0.0,0.0,0.875169,0.003982,430.0,92919.0,1057.0,74642982.0,33480298.0,108123280.0,280894894.0,5600.0,1424.0,543.0,0.0,0.0,0.0,0.0,0.0,0.0
159.0,127404723.0,846623.0,yard-live-ALERT-wave1,1.0,,yard,e908860e460af718551b68ee11abf397,1.0,1.0,1.0,-1.0,64.0,1202.0,0.0,2.0,0.0,35.0,55.0,24.0,standard,0.0,0.0,0.0,0.0,0.0,0.0,1.0,0.0,0.077,225.0,1.0,1.0,0.0,1.0,15466496.0,1280.0,720.0,1.0,0.0,0.0,0.855801,0.004448,430.0,92919.0,1057.0,74642982.0,33480454.0,108123436.0,280945366.0,5605.0,1425.0,543.0,0.0,0.0,0.0,0.0,0.0,0.0
160.0,127641698.0,236975.0,yard-live-ALERT-wave1,1.0,,yard,e908860e460af718551b68ee11abf397,1.0,1.0,1.0,-1.0,72.0,1210.0,0.0,2.0,0.0,35.0,55.0,24.0,standard,0.0,0.0,0.0,0.0,0.0,0.0,1.0,0.0,0.068,237.0,1.0,1.0,0.0,1.0,15466496.0,1280.0,720.0,1.0,0.0,0.0,0.855801,0.004448,430.0,92919.0,1057.0,74642982.0,33480494.0,108123476.0,280991594.0,5605.0,1425.0,543.0,0.0,0.0,0.0,0.0,0.0,0.0
161.0,128571078.0,929380.0,yard-live-ALERT-wave1,1.0,,yard,e908860e460af718551b68ee11abf397,1.0,1.0,1.0,-1.0,80.0,1218.0,0.0,2.0,0.0,35.0,55.0,24.0,standard,0.0,0.0,0.0,0.0,0.0,0.0,1.0,0.0,0.061,240.0,1.0,1.0,0.0,1.0,15466496.0,1280.0,720.0,1.0,0.0,0.0,0.845865,0.000145,430.0,92919.0,1057.0,74642982.0,33480514.0,108123496.0,281086310.0,5609.0,1425.0,543.0,0.0,0.0,0.0,0.0,0.0,0.0
162.0,128812607.0,241529.0,yard-live-ALERT-wave1,1.0,,yard,e908860e460af718551b68ee11abf397,1.0,1.0,1.0,-1.0,88.0,1226.0,0.0,2.0,0.0,35.0,55.0,24.0,standard,0.0,0.0,0.0,0.0,0.0,0.0,1.0,0.0,0.073,241.0,1.0,1.0,0.0,1.0,15466496.0,1280.0,720.0,1.0,0.0,0.0,0.845865,0.000145,430.0,92919.0,1057.0,74642982.0,33480590.0,108123572.0,281130394.0,5605.0,1425.0,543.0,0.0,0.0,0.0,0.0,0.0,0.0
163.0,129715830.0,903223.0,yard-live-ALERT-wave1,1.0,,yard,e908860e460af718551b68ee11abf397,1.0,1.0,1.0,-1.0,96.0,1234.0,0.0,2.0,0.0,35.0,55.0,24.0,standard,0.0,0.0,0.0,0.0,0.0,0.0,1.0,0.0,0.045,240.0,1.0,1.0,0.0,1.0,15466496.0,1280.0,720.0,1.0,0.0,0.0,0.92846,0.00018,430.0,92919.0,1057.0,74642982.0,33480610.0,108123592.0,281166250.0,5609.0,1425.0,543.0,0.0,0.0,0.0,0.0,0.0,0.0
164.0,129989391.0,273561.0,yard-live-ALERT-wave1,1.0,,yard,e908860e460af718551b68ee11abf397,1.0,1.0,1.0,-1.0,104.0,1242.0,0.0,2.0,0.0,35.0,55.0,24.0,standard,0.0,0.0,0.0,0.0,0.0,0.0,1.0,0.0,0.093,283.0,1.0,1.0,0.0,1.0,15466496.0,1280.0,720.0,1.0,0.0,0.0,0.92846,0.00018,430.0,92919.0,1057.0,74642982.0,33480610.0,108123592.0,281268842.0,5605.0,1425.0,543.0,0.0,0.0,0.0,0.0,0.0,0.0
165.0,130897723.0,908332.0,yard-live-ALERT-wave1,1.0,,yard,e908860e460af718551b68ee11abf397,1.0,1.0,1.0,-1.0,112.0,1250.0,0.0,2.0,0.0,35.0,55.0,24.0,standard,0.0,0.0,0.0,0.0,0.0,0.0,1.0,0.0,0.039,236.0,1.0,1.0,0.0,1.0,15466496.0,1280.0,720.0,1.0,0.0,0.0,0.902174,0.000202,430.0,92919.0,1057.0,74642982.0,33480626.0,108123608.0,281319654.0,5609.0,1425.0,543.0,0.0,0.0,0.0,0.0,0.0,0.0
166.0,131169973.0,272250.0,yard-live-ALERT-wave1,1.0,,yard,e908860e460af718551b68ee11abf397,1.0,1.0,1.0,-1.0,120.0,1258.0,0.0,2.0,0.0,35.0,55.0,24.0,standard,0.0,0.0,0.0,0.0,0.0,0.0,1.0,0.0,0.293,267.0,1.0,1.0,0.0,1.0,15466496.0,1280.0,720.0,1.0,0.0,0.0,0.902174,0.000202,430.0,92919.0,1057.0,74642982.0,33480590.0,108123572.0,281363794.0,5605.0,1425.0,543.0,0.0,0.0,0.0,0.0,0.0,0.0
167.0,132110914.0,940941.0,yard-live-ALERT-wave1,1.0,,yard,e908860e460af718551b68ee11abf397,1.0,1.0,1.0,-1.0,128.0,1266.0,0.0,2.0,0.0,35.0,55.0,24.0,standard,0.0,0.0,0.0,0.0,0.0,0.0,1.0,0.0,0.04,250.0,1.0,1.0,0.0,1.0,15466496.0,1280.0,720.0,1.0,0.0,0.0,0.907246,0.003978,430.0,92919.0,1057.0,74642982.0,33480646.0,108123628.0,281458242.0,5609.0,1425.0,543.0,0.0,0.0,0.0,0.0,0.0,0.0
168.0,132346373.0,235459.0,yard-live-ALERT-wave1,1.0,,yard,e908860e460af718551b68ee11abf397,1.0,1.0,1.0,-1.0,136.0,1274.0,0.0,2.0,0.0,35.0,55.0,24.0,standard,0.0,0.0,0.0,0.0,0.0,0.0,1.0,0.0,0.074,251.0,1.0,1.0,0.0,1.0,15466496.0,1280.0,720.0,1.0,0.0,0.0,0.940245,0.000188,430.0,92919.0,1057.0,74642982.0,33480682.0,108123664.0,281502262.0,5605.0,1425.0,543.0,0.0,0.0,0.0,0.0,0.0,0.0
169.0,133195289.0,848916.0,yard-live-ALERT-wave1,1.0,,yard,e908860e460af718551b68ee11abf397,1.0,1.0,1.0,-1.0,144.0,1282.0,0.0,2.0,0.0,35.0,55.0,24.0,standard,0.0,0.0,0.0,0.0,0.0,0.0,1.0,0.0,0.037,371.0,1.0,1.0,0.0,1.0,15466496.0,1280.0,720.0,1.0,0.0,0.0,0.234603,0.00019,430.0,92919.0,1057.0,74642982.0,33480662.0,108123644.0,281550646.0,5609.0,1425.0,543.0,0.0,0.0,0.0,0.0,0.0,0.0
170.0,133470990.0,275701.0,yard-live-ALERT-wave1,1.0,,yard,e908860e460af718551b68ee11abf397,1.0,1.0,1.0,-1.0,152.0,1290.0,0.0,2.0,0.0,35.0,55.0,24.0,standard,0.0,0.0,0.0,0.0,0.0,0.0,1.0,0.0,0.128,223.0,1.0,1.0,0.0,1.0,15466496.0,1280.0,720.0,1.0,0.0,0.0,0.234603,0.00019,430.0,92919.0,1057.0,74642982.0,33480662.0,108123644.0,281640822.0,5605.0,1425.0,543.0,0.0,0.0,0.0,0.0,0.0,0.0
171.0,134320479.0,849489.0,yard-live-ALERT-wave1,1.0,,yard,e908860e460af718551b68ee11abf397,1.0,1.0,1.0,-1.0,160.0,1298.0,0.0,2.0,0.0,35.0,55.0,24.0,standard,0.0,0.0,0.0,0.0,0.0,0.0,1.0,0.0,0.046,230.0,1.0,1.0,0.0,1.0,15466496.0,1280.0,720.0,1.0,0.0,0.0,0.84842,0.003992,430.0,92919.0,1057.0,74642982.0,33480646.0,108123628.0,281689022.0,5609.0,1425.0,543.0,0.0,0.0,0.0,0.0,0.0,0.0
172.0,134559571.0,239092.0,yard-live-ALERT-wave1,1.0,,yard,e908860e460af718551b68ee11abf397,1.0,1.0,1.0,-1.0,168.0,1306.0,0.0,2.0,0.0,35.0,55.0,24.0,standard,0.0,0.0,0.0,0.0,0.0,0.0,1.0,0.0,0.112,240.0,1.0,1.0,0.0,1.0,15466496.0,1280.0,720.0,1.0,0.0,0.0,0.84842,0.003992,430.0,92919.0,1057.0,74642982.0,33480646.0,108123628.0,281733042.0,5605.0,1425.0,543.0,0.0,0.0,0.0,0.0,0.0,0.0
173.0,135447517.0,887946.0,yard-live-ALERT-wave1,1.0,,yard,e908860e460af718551b68ee11abf397,1.0,1.0,1.0,-1.0,176.0,1314.0,0.0,2.0,0.0,35.0,55.0,24.0,standard,0.0,0.0,0.0,0.0,0.0,0.0,1.0,0.0,0.041,232.0,1.0,1.0,0.0,1.0,15466496.0,1280.0,720.0,1.0,0.0,0.0,0.848798,0.000193,430.0,92919.0,1057.0,74642982.0,33480626.0,108123608.0,281827562.0,5609.0,1425.0,543.0,0.0,0.0,0.0,0.0,0.0,0.0
174.0,135677715.0,230198.0,yard-live-ALERT-wave1,1.0,,yard,e908860e460af718551b68ee11abf397,1.0,1.0,1.0,-1.0,184.0,1322.0,0.0,2.0,0.0,35.0,55.0,24.0,standard,0.0,0.0,0.0,0.0,0.0,0.0,1.0,0.0,0.071,208.0,1.0,1.0,0.0,1.0,15466496.0,1280.0,720.0,1.0,0.0,0.0,0.848798,0.000193,430.0,92919.0,1057.0,74642982.0,33480646.0,108123628.0,281871582.0,5605.0,1425.0,543.0,0.0,0.0,0.0,0.0,0.0,0.0
175.0,136520540.0,842825.0,yard-live-ALERT-wave1,1.0,,yard,e908860e460af718551b68ee11abf397,1.0,1.0,1.0,-1.0,192.0,1330.0,0.0,2.0,0.0,35.0,55.0,24.0,standard,0.0,0.0,0.0,0.0,0.0,0.0,1.0,0.0,0.036,216.0,1.0,1.0,0.0,1.0,15466496.0,1280.0,720.0,1.0,0.0,0.0,0.873126,0.003966,430.0,92919.0,1057.0,74642982.0,33480646.0,108123628.0,281922394.0,5609.0,1425.0,543.0,0.0,0.0,0.0,0.0,0.0,0.0
176.0,137037711.0,517171.0,yard-live-ALERT-wave1,1.0,,yard,e908860e460af718551b68ee11abf397,1.0,1.0,1.0,-1.0,200.0,1338.0,0.0,2.0,0.0,35.0,55.0,24.0,standard,1.0,1.0,0.0,0.0,0.0,0.0,1.0,0.0,0.053,231.0,1.0,1.0,0.0,1.0,15466496.0,1280.0,720.0,1.0,0.0,0.0,0.873126,0.003966,449.0,93143.0,1091.0,75302436.0,34215574.0,109518010.0,285401890.0,5756.0,1448.0,614.0,0.0,0.0,0.0,0.0,0.0,0.0
177.0,137959865.0,922154.0,yard-live-ALERT-wave1,1.0,,yard,e908860e460af718551b68ee11abf397,1.0,1.0,1.0,-1.0,208.0,1346.0,0.0,2.0,0.0,35.0,55.0,24.0,standard,1.0,2.0,0.0,0.0,0.0,0.0,1.0,0.0,0.052,224.0,1.0,1.0,0.0,1.0,15466496.0,1280.0,720.0,1.0,0.0,0.0,0.841769,0.000167,448.0,93083.0,1090.0,75608270.0,34215634.0,109823904.0,286301510.0,5783.0,1452.0,614.0,0.0,0.0,0.0,0.0,0.0,0.0
178.0,138336136.0,376271.0,yard-live-ALERT-wave1,1.0,,yard,e908860e460af718551b68ee11abf397,1.0,1.0,1.0,-1.0,216.0,1354.0,0.0,2.0,0.0,35.0,55.0,24.0,standard,2.0,4.0,0.0,0.0,0.0,0.0,0.0,0.0,0.041,228.0,1.0,1.0,0.0,1.0,15466496.0,1280.0,720.0,1.0,0.0,0.0,0.921274,0.000162,447.0,93013.0,1088.0,76176248.0,34216018.0,110392266.0,288051474.0,5846.0,1454.0,614.0,0.0,0.0,0.0,0.0,0.0,0.0
179.0,139258916.0,922780.0,yard-live-ALERT-wave1,1.0,,yard,e908860e460af718551b68ee11abf397,1.0,1.0,1.0,-1.0,224.0,1362.0,0.0,2.0,0.0,35.0,55.0,24.0,standard,1.0,5.0,0.0,0.0,0.0,0.0,0.0,0.0,0.041,228.0,1.0,1.0,0.0,1.0,15466496.0,1280.0,720.0,1.0,0.0,0.0,0.921274,0.000162,446.0,92953.0,1087.0,76176248.0,34221786.0,110398034.0,288191698.0,5863.0,1474.0,614.0,0.0,0.0,0.0,0.0,0.0,0.0
180.0,140485842.0,1226926.0,yard-live-ALERT-wave1,1.0,,yard,e908860e460af718551b68ee11abf397,1.0,5.0,5.0,-1.0,227.0,1365.0,0.0,2.0,0.0,35.0,55.0,24.0,standard,0.0,0.0,0.0,0.0,0.0,0.0,0.0,0.0,0.035,257.0,1.0,1.0,0.0,1.0,15466496.0,1280.0,720.0,1.0,0.0,0.0,0.921523,0.003961,453.0,94729.0,1174.0,76744226.0,33694754.0,110438980.0,287664479.0,5857.0,1498.0,546.0,0.0,0.0,0.0,0.0,0.0,0.0
181.0,142676761.0,2190919.0,yard-live-SWEEP-wave1,0.0,first_frame_after_segment_transition,yard,e908860e460af718551b68ee11abf397,1.0,5.0,5.0,-1.0,227.0,1373.0,0.0,2.0,0.0,35.0,55.0,24.0,standard,0.0,0.0,0.0,0.0,0.0,0.0,0.0,0.0,0.035,224.0,1.0,1.0,0.0,1.0,15466496.0,1280.0,720.0,1.0,0.0,0.0,1.225848,0.000191,463.0,93599.0,1195.0,76176248.0,33627674.0,109803922.0,285945827.0,5758.0,1456.0,543.0,0.0,0.0,0.0,0.0,0.0,0.0
182.0,142849054.0,172293.0,yard-live-SWEEP-wave1,1.0,,yard,e908860e460af718551b68ee11abf397,1.0,5.0,5.0,-1.0,227.0,1381.0,0.0,2.0,0.0,35.0,55.0,24.0,standard,0.0,0.0,0.0,0.0,0.0,0.0,0.0,0.0,0.032,227.0,1.0,1.0,0.0,1.0,15466496.0,1280.0,720.0,1.0,0.0,0.0,2.189742,0.000255,463.0,93599.0,1195.0,75870414.0,33627042.0,109497456.0,285128126.0,5701.0,1451.0,543.0,0.0,0.0,0.0,0.0,0.0,0.0
183.0,143682294.0,833240.0,yard-live-SWEEP-wave1,1.0,,yard,e908860e460af718551b68ee11abf397,1.0,5.0,5.0,-1.0,227.0,1388.0,0.0,2.0,0.0,35.0,55.0,24.0,standard,0.0,0.0,0.0,0.0,0.0,0.0,0.0,0.0,0.04,283.0,1.0,1.0,0.0,1.0,15466496.0,1280.0,720.0,1.0,0.0,0.0,0.171031,0.000247,463.0,93599.0,1195.0,75302436.0,33626982.0,108929418.0,283516486.0,5660.0,1446.0,543.0,0.0,0.0,0.0,0.0,0.0,0.0
184.0,143865025.0,182731.0,yard-live-SWEEP-wave1,1.0,,yard,e908860e460af718551b68ee11abf397,1.0,5.0,5.0,-1.0,227.0,1397.0,0.0,2.0,0.0,35.0,55.0,24.0,standard,0.0,0.0,0.0,0.0,0.0,0.0,0.0,0.0,0.06,232.0,1.0,1.0,0.0,1.0,15466496.0,1280.0,720.0,1.0,0.0,0.0,0.171031,0.000247,463.0,93599.0,1195.0,75302436.0,33626982.0,108929418.0,283557554.0,5648.0,1446.0,543.0,0.0,0.0,0.0,0.0,0.0,0.0
185.0,144817989.0,952964.0,yard-original-WON-capture,0.0,first_frame_after_segment_transition,yard,e908860e460af718551b68ee11abf397,1.0,3.0,3.0,-1.0,227.0,1398.0,0.0,2.0,0.0,35.0,55.0,24.0,standard,0.0,0.0,0.0,0.0,0.0,0.0,0.0,0.0,0.033,304.0,1.0,0.0,0.0,1.0,15466496.0,1280.0,720.0,1.0,0.0,0.0,0.831997,0.000222,309.0,86291.0,864.0,76700536.0,33522338.0,110222874.0,284960140.0,5695.0,1454.0,543.0,0.0,0.0,0.0,0.0,0.0,0.0
186.0,144999189.0,181200.0,yard-original-WON-capture,0.0,screenshot,yard,e908860e460af718551b68ee11abf397,1.0,3.0,3.0,-1.0,227.0,1398.0,0.0,2.0,0.0,35.0,55.0,24.0,standard,0.0,0.0,0.0,0.0,0.0,0.0,0.0,0.0,0.025,240.0,1.0,0.0,0.0,1.0,15466496.0,1280.0,720.0,1.0,0.0,0.0,0.831997,0.000222,309.0,86291.0,864.0,76351012.0,33522278.0,109873290.0,284127524.0,5678.0,1451.0,543.0,0.0,0.0,0.0,0.0,0.0,0.0
187.0,145545513.0,546324.0,yard-live-WON,0.0,first_frame_after_segment_transition,yard,e908860e460af718551b68ee11abf397,1.0,3.0,3.0,-1.0,227.0,1398.0,0.0,2.0,0.0,35.0,55.0,24.0,standard,0.0,0.0,0.0,0.0,0.0,0.0,0.0,0.0,0.061,253.0,1.0,1.0,0.0,1.0,15466496.0,1280.0,720.0,1.0,0.0,0.0,0.951798,0.000283,309.0,86291.0,864.0,76351012.0,33522278.0,109873290.0,284133344.0,5672.0,1451.0,543.0,0.0,0.0,0.0,0.0,0.0,0.0
188.0,145726766.0,181253.0,yard-live-WON,1.0,,yard,e908860e460af718551b68ee11abf397,1.0,3.0,3.0,-1.0,227.0,1398.0,0.0,2.0,0.0,35.0,55.0,24.0,standard,0.0,0.0,0.0,0.0,0.0,0.0,0.0,0.0,0.036,237.0,1.0,1.0,0.0,1.0,15466496.0,1280.0,720.0,1.0,0.0,0.0,0.174963,0.000195,309.0,86291.0,864.0,76045178.0,33522166.0,109567344.0,283303768.0,5657.0,1447.0,543.0,0.0,0.0,0.0,0.0,0.0,0.0
189.0,145906372.0,179606.0,yard-live-WON,1.0,,yard,e908860e460af718551b68ee11abf397,1.0,3.0,3.0,-1.0,227.0,1398.0,0.0,2.0,0.0,35.0,55.0,24.0,standard,0.0,0.0,0.0,0.0,0.0,0.0,0.0,0.0,0.097,268.0,1.0,1.0,0.0,1.0,15466496.0,1280.0,720.0,1.0,0.0,0.0,0.174963,0.000195,309.0,86291.0,864.0,76045178.0,33522166.0,109567344.0,283301632.0,5653.0,1447.0,543.0,0.0,0.0,0.0,0.0,0.0,0.0
190.0,146067613.0,161241.0,yard-live-WON,1.0,,yard,e908860e460af718551b68ee11abf397,1.0,3.0,3.0,-1.0,227.0,1398.0,0.0,2.0,0.0,35.0,55.0,24.0,standard,0.0,0.0,0.0,0.0,0.0,0.0,0.0,0.0,0.072,230.0,1.0,1.0,0.0,1.0,15466496.0,1280.0,720.0,1.0,0.0,0.0,0.174963,0.000195,309.0,86291.0,864.0,76045178.0,33522166.0,109567344.0,283301632.0,5653.0,1447.0,543.0,0.0,0.0,0.0,0.0,0.0,0.0
191.0,146233392.0,165779.0,yard-live-WON,1.0,,yard,e908860e460af718551b68ee11abf397,1.0,3.0,3.0,-1.0,227.0,1398.0,0.0,2.0,0.0,35.0,55.0,24.0,standard,0.0,0.0,0.0,0.0,0.0,0.0,0.0,0.0,0.159,253.0,1.0,1.0,0.0,1.0,15466496.0,1280.0,720.0,1.0,0.0,0.0,0.174963,0.000195,309.0,86291.0,864.0,76045178.0,33522166.0,109567344.0,283289216.0,5653.0,1447.0,543.0,0.0,0.0,0.0,0.0,0.0,0.0
192.0,146394538.0,161146.0,yard-live-WON,1.0,,yard,e908860e460af718551b68ee11abf397,1.0,3.0,3.0,-1.0,227.0,1398.0,0.0,2.0,0.0,35.0,55.0,24.0,standard,0.0,0.0,0.0,0.0,0.0,0.0,0.0,0.0,0.07,228.0,1.0,1.0,0.0,1.0,15466496.0,1280.0,720.0,1.0,0.0,0.0,0.179869,0.000242,309.0,86291.0,864.0,76045178.0,33522166.0,109567344.0,283289216.0,5653.0,1447.0,543.0,0.0,0.0,0.0,0.0,0.0,0.0
193.0,146556742.0,162204.0,yard-live-WON,1.0,,yard,e908860e460af718551b68ee11abf397,1.0,3.0,3.0,-1.0,227.0,1398.0,0.0,2.0,0.0,35.0,55.0,24.0,standard,0.0,0.0,0.0,0.0,0.0,0.0,0.0,0.0,0.095,231.0,1.0,1.0,0.0,1.0,15466496.0,1280.0,720.0,1.0,0.0,0.0,0.179869,0.000242,309.0,86291.0,864.0,76045178.0,33522166.0,109567344.0,283289216.0,5653.0,1447.0,543.0,0.0,0.0,0.0,0.0,0.0,0.0
194.0,146718488.0,161746.0,yard-live-WON,1.0,,yard,e908860e460af718551b68ee11abf397,1.0,3.0,3.0,-1.0,227.0,1398.0,0.0,2.0,0.0,35.0,55.0,24.0,standard,0.0,0.0,0.0,0.0,0.0,0.0,0.0,0.0,0.067,230.0,1.0,1.0,0.0,1.0,15466496.0,1280.0,720.0,1.0,0.0,0.0,0.179869,0.000242,309.0,86291.0,864.0,76045178.0,33522166.0,109567344.0,283289216.0,5653.0,1447.0,543.0,0.0,0.0,0.0,0.0,0.0,0.0
195.0,146880246.0,161758.0,yard-live-WON,1.0,,yard,e908860e460af718551b68ee11abf397,1.0,3.0,3.0,-1.0,227.0,1398.0,0.0,2.0,0.0,35.0,55.0,24.0,standard,0.0,0.0,0.0,0.0,0.0,0.0,0.0,0.0,0.065,252.0,1.0,1.0,0.0,1.0,15466496.0,1280.0,720.0,1.0,0.0,0.0,0.179869,0.000242,300.0,86241.0,839.0,76045178.0,33522166.0,109567344.0,283289216.0,5653.0,1447.0,543.0,0.0,0.0,0.0,0.0,0.0,0.0
196.0,147042651.0,162405.0,yard-live-WON,1.0,,yard,e908860e460af718551b68ee11abf397,1.0,3.0,3.0,-1.0,227.0,1398.0,0.0,2.0,0.0,35.0,55.0,24.0,standard,0.0,0.0,0.0,0.0,0.0,0.0,0.0,0.0,0.064,229.0,1.0,1.0,0.0,1.0,15466496.0,1280.0,720.0,1.0,0.0,0.0,0.179869,0.000242,300.0,86241.0,839.0,76045178.0,33522166.0,109567344.0,283287216.0,5650.0,1447.0,543.0,0.0,0.0,0.0,0.0,0.0,0.0
197.0,147214982.0,172331.0,yard-live-WON,1.0,,yard,e908860e460af718551b68ee11abf397,1.0,3.0,3.0,-1.0,227.0,1398.0,0.0,2.0,0.0,35.0,55.0,24.0,standard,0.0,0.0,0.0,0.0,0.0,0.0,0.0,0.0,0.064,224.0,1.0,1.0,0.0,1.0,15466496.0,1280.0,720.0,1.0,0.0,0.0,0.179869,0.000242,300.0,86241.0,839.0,76045178.0,33522166.0,109567344.0,283287216.0,5650.0,1447.0,543.0,0.0,0.0,0.0,0.0,0.0,0.0
198.0,147374985.0,160003.0,yard-live-WON,1.0,,yard,e908860e460af718551b68ee11abf397,1.0,3.0,3.0,-1.0,227.0,1398.0,0.0,2.0,0.0,35.0,55.0,24.0,standard,0.0,0.0,0.0,0.0,0.0,0.0,0.0,0.0,0.068,224.0,1.0,1.0,0.0,1.0,15466496.0,1280.0,720.0,1.0,0.0,0.0,0.161752,0.003983,300.0,86241.0,839.0,76045178.0,33522166.0,109567344.0,283287216.0,5650.0,1447.0,543.0,0.0,0.0,0.0,0.0,0.0,0.0
